2022-01-03 14:55:00,111.202003,112.050003,111.050003,111.925003,208922.0,XBI.NYSE-1-HOUR-LAST-EXTERNAL
2022-01-03 15:55:00,114.339996,114.349998,113.989997,114.059997,70065.0,XBI.NYSE-1-HOUR-LAST-EXTERNAL
2022-01-03 16:55:00,112.849998,112.900001,112.650001,112.779998,92055.0,XBI.NYSE-1-HOUR-LAST-EXTERNAL
2022-01-03 17:55:00,113.660003,113.870002,113.620002,113.819999,47288.0,XBI.NYSE-1-HOUR-LAST-EXTERNAL
2022-01-03 18:55:00,113.739997,113.889999,113.690002,113.819999,30167.0,XBI.NYSE-1-HOUR-LAST-EXTERNAL
2022-01-03 19:55:00,114.330001,114.550003,114.330001,114.550003,57318.0,XBI.NYSE-1-HOUR-LAST-EXTERNAL
2022-01-03 20:55:00,115.550003,115.559997,115.224998,115.389999,376579.0,XBI.NYSE-1-HOUR-LAST-EXTERNAL
2022-01-04 14:55:00,114.220001,114.220001,113.819999,113.986,169908.0,XBI.NYSE-1-HOUR-LAST-EXTERNAL
2022-01-04 15:55:00,110.910003,110.940002,110.599998,110.779998,307368.0,XBI.NYSE-1-HOUR-LAST-EXTERNAL
2022-01-04 16:55:00,111.949996,112.089996,111.620002,111.625,101897.0,XBI.NYSE-1-HOUR-LAST-EXTERNAL
2022-01-04 17:55:00,111.654998,111.660003,111.410003,111.519996,79031.0,XBI.NYSE-1-HOUR-LAST-EXTERNAL
2022-01-04 18:55:00,110.481796,110.550003,110.239997,110.449996,114852.0,XBI.NYSE-1-HOUR-LAST-EXTERNAL
2022-01-04 19:55:00,110.830001,111.050003,110.760002,111.050003,82936.0,XBI.NYSE-1-HOUR-LAST-EXTERNAL
2022-01-04 20:55:00,111.36,111.535003,111.269996,111.419998,471578.0,XBI.NYSE-1-HOUR-LAST-EXTERNAL
2022-01-05 14:55:00,111.849998,111.879997,111.294998,111.550003,153363.0,XBI.NYSE-1-HOUR-LAST-EXTERNAL
2022-01-05 15:55:00,110.68,110.849998,110.580001,110.580001,158538.0,XBI.NYSE-1-HOUR-LAST-EXTERNAL
2022-01-05 16:55:00,110.129997,110.160003,109.980003,110.0,124642.0,XBI.NYSE-1-HOUR-LAST-EXTERNAL
2022-01-05 17:55:00,109.555,109.584999,109.400001,109.459999,134031.0,XBI.NYSE-1-HOUR-LAST-EXTERNAL
2022-01-05 18:55:00,108.86,108.940002,108.79,108.93,58460.0,XBI.NYSE-1-HOUR-LAST-EXTERNAL
2022-01-05 19:55:00,107.160003,107.18,106.870002,106.93,234731.0,XBI.NYSE-1-HOUR-LAST-EXTERNAL
2022-01-05 20:55:00,105.584999,105.625,105.080001,105.269996,1070861.0,XBI.NYSE-1-HOUR-LAST-EXTERNAL
2022-01-06 14:55:00,104.839996,105.114997,104.059997,104.129997,215281.0,XBI.NYSE-1-HOUR-LAST-EXTERNAL
2022-01-06 15:55:00,105.379997,105.819999,105.169998,105.739997,254240.0,XBI.NYSE-1-HOUR-LAST-EXTERNAL
2022-01-06 16:55:00,106.410003,106.5,106.18,106.349998,55220.0,XBI.NYSE-1-HOUR-LAST-EXTERNAL
2022-01-06 17:55:00,106.160003,106.239997,106.029998,106.050003,29032.0,XBI.NYSE-1-HOUR-LAST-EXTERNAL
2022-01-06 18:55:00,105.319999,105.418197,105.150001,105.309997,36118.0,XBI.NYSE-1-HOUR-LAST-EXTERNAL
2022-01-06 19:55:00,105.980003,106.019996,105.830001,105.949996,27898.0,XBI.NYSE-1-HOUR-LAST-EXTERNAL
2022-01-06 20:55:00,105.18,105.410003,104.919998,105.29,316630.0,XBI.NYSE-1-HOUR-LAST-EXTERNAL
2022-01-07 14:55:00,106.949996,107.400001,106.870002,107.074996,235115.0,XBI.NYSE-1-HOUR-LAST-EXTERNAL
2022-01-07 15:55:00,103.86,104.489997,103.86,104.150001,181572.0,XBI.NYSE-1-HOUR-LAST-EXTERNAL
2022-01-07 16:55:00,104.339996,104.529998,104.309997,104.339996,61513.0,XBI.NYSE-1-HOUR-LAST-EXTERNAL
2022-01-07 17:55:00,104.400001,104.489997,104.345001,104.430999,42882.0,XBI.NYSE-1-HOUR-LAST-EXTERNAL
2022-01-07 18:55:00,103.919998,103.989997,103.79,103.805,69895.0,XBI.NYSE-1-HOUR-LAST-EXTERNAL
2022-01-07 19:55:00,103.36,103.474998,103.345001,103.440002,69610.0,XBI.NYSE-1-HOUR-LAST-EXTERNAL
2022-01-07 20:55:00,102.849998,103.014999,102.779899,102.919998,356535.0,XBI.NYSE-1-HOUR-LAST-EXTERNAL
2022-01-10 14:55:00,100.639999,101.099998,100.440002,101.069999,301666.0,XBI.NYSE-1-HOUR-LAST-EXTERNAL
2022-01-10 15:55:00,100.870002,100.870002,100.580001,100.620002,256093.0,XBI.NYSE-1-HOUR-LAST-EXTERNAL
2022-01-10 16:55:00,101.54,101.650001,101.379997,101.580001,161726.0,XBI.NYSE-1-HOUR-LAST-EXTERNAL
2022-01-10 17:55:00,100.519996,100.519996,100.25,100.389999,231303.0,XBI.NYSE-1-HOUR-LAST-EXTERNAL
2022-01-10 18:55:00,101.050003,101.080001,100.720001,101.029998,181492.0,XBI.NYSE-1-HOUR-LAST-EXTERNAL
2022-01-10 19:55:00,101.449996,101.730003,101.419998,101.559997,154540.0,XBI.NYSE-1-HOUR-LAST-EXTERNAL
2022-01-10 20:55:00,102.714996,103.198997,102.675003,103.18,523887.0,XBI.NYSE-1-HOUR-LAST-EXTERNAL
2022-01-11 14:55:00,103.160003,103.839996,102.949996,103.839996,264743.0,XBI.NYSE-1-HOUR-LAST-EXTERNAL
2022-01-11 15:55:00,102.330001,102.690002,102.239997,102.68,182083.0,XBI.NYSE-1-HOUR-LAST-EXTERNAL
2022-01-11 16:55:00,104.4636,104.650001,104.419998,104.599998,65373.0,XBI.NYSE-1-HOUR-LAST-EXTERNAL
2022-01-11 17:55:00,103.959999,103.959999,103.739997,103.849998,68611.0,XBI.NYSE-1-HOUR-LAST-EXTERNAL
2022-01-11 18:55:00,104.169998,104.29,104.129997,104.269996,44351.0,XBI.NYSE-1-HOUR-LAST-EXTERNAL
2022-01-11 19:55:00,104.239997,104.330001,104.010002,104.050003,90116.0,XBI.NYSE-1-HOUR-LAST-EXTERNAL
2022-01-11 20:55:00,103.629997,104.0,103.629997,103.919998,745338.0,XBI.NYSE-1-HOUR-LAST-EXTERNAL
2022-01-12 14:55:00,103.699996,103.699996,103.400001,103.489997,98580.0,XBI.NYSE-1-HOUR-LAST-EXTERNAL
2022-01-12 15:55:00,101.825798,101.870002,101.569999,101.800003,198138.0,XBI.NYSE-1-HOUR-LAST-EXTERNAL
2022-01-12 16:55:00,102.04,102.150001,101.940002,102.04,133093.0,XBI.NYSE-1-HOUR-LAST-EXTERNAL
2022-01-12 17:55:00,102.519996,102.580001,102.459999,102.529998,65163.0,XBI.NYSE-1-HOUR-LAST-EXTERNAL
2022-01-12 18:55:00,102.050003,102.160003,102.04,102.069999,34055.0,XBI.NYSE-1-HOUR-LAST-EXTERNAL
2022-01-12 19:55:00,101.940002,101.959999,101.86,101.93,59325.0,XBI.NYSE-1-HOUR-LAST-EXTERNAL
2022-01-12 20:55:00,100.714996,100.739997,100.470001,100.569999,605991.0,XBI.NYSE-1-HOUR-LAST-EXTERNAL
2022-01-13 14:55:00,101.291999,101.489997,101.0,101.209999,145978.0,XBI.NYSE-1-HOUR-LAST-EXTERNAL
2022-01-13 15:55:00,99.050003,99.169998,98.919998,98.949203,193460.0,XBI.NYSE-1-HOUR-LAST-EXTERNAL
2022-01-13 16:55:00,99.599998,99.639999,99.489997,99.5,105260.0,XBI.NYSE-1-HOUR-LAST-EXTERNAL
2022-01-13 17:55:00,98.415,98.529998,98.379997,98.489997,98242.0,XBI.NYSE-1-HOUR-LAST-EXTERNAL
2022-01-13 18:55:00,99.260002,99.330001,99.169998,99.304801,74366.0,XBI.NYSE-1-HOUR-LAST-EXTERNAL
2022-01-13 19:55:00,99.419998,99.720001,99.419998,99.690002,67729.0,XBI.NYSE-1-HOUR-LAST-EXTERNAL
2022-01-13 20:55:00,97.870002,98.139999,97.779998,98.139999,770768.0,XBI.NYSE-1-HOUR-LAST-EXTERNAL
2022-01-14 14:55:00,97.319999,97.959999,97.29,97.730003,212064.0,XBI.NYSE-1-HOUR-LAST-EXTERNAL
2022-01-14 15:55:00,97.059997,97.160003,96.720001,96.839996,273198.0,XBI.NYSE-1-HOUR-LAST-EXTERNAL
2022-01-14 16:55:00,96.870002,96.919998,96.569999,96.620002,7125826.0,XBI.NYSE-1-HOUR-LAST-EXTERNAL
2022-01-14 17:55:00,96.389999,96.480003,96.160003,96.165,89768.0,XBI.NYSE-1-HOUR-LAST-EXTERNAL
2022-01-14 18:55:00,97.089996,97.269996,96.919998,97.239997,207940.0,XBI.NYSE-1-HOUR-LAST-EXTERNAL
2022-01-14 19:55:00,98.480003,98.875,98.480003,98.599998,362790.0,XBI.NYSE-1-HOUR-LAST-EXTERNAL
2022-01-14 20:55:00,100.669998,100.690002,100.419998,100.419998,705712.0,XBI.NYSE-1-HOUR-LAST-EXTERNAL
2022-01-18 14:55:00,98.192901,98.319999,97.900001,97.900001,230037.0,XBI.NYSE-1-HOUR-LAST-EXTERNAL
2022-01-18 15:55:00,96.949996,97.260002,96.919998,96.970001,122355.0,XBI.NYSE-1-HOUR-LAST-EXTERNAL
2022-01-18 16:55:00,96.745002,96.754997,96.5,96.519996,107351.0,XBI.NYSE-1-HOUR-LAST-EXTERNAL
2022-01-18 17:55:00,96.219902,96.260002,96.010002,96.038497,120362.0,XBI.NYSE-1-HOUR-LAST-EXTERNAL
2022-01-18 18:55:00,95.805,96.065002,95.720001,96.010002,111860.0,XBI.NYSE-1-HOUR-LAST-EXTERNAL
2022-01-18 19:55:00,96.800003,96.839996,96.389999,96.410003,146218.0,XBI.NYSE-1-HOUR-LAST-EXTERNAL
2022-01-18 20:55:00,94.480003,94.629997,94.209999,94.519996,1451146.0,XBI.NYSE-1-HOUR-LAST-EXTERNAL
2022-01-19 14:55:00,95.690002,96.089996,95.650001,96.059997,186003.0,XBI.NYSE-1-HOUR-LAST-EXTERNAL
2022-01-19 15:55:00,94.720001,95.440002,94.660003,95.139999,367871.0,XBI.NYSE-1-HOUR-LAST-EXTERNAL
2022-01-19 16:55:00,95.589996,95.639999,95.339996,95.54,123510.0,XBI.NYSE-1-HOUR-LAST-EXTERNAL
2022-01-19 17:55:00,96.260002,96.449996,96.139999,96.3899,43208.0,XBI.NYSE-1-HOUR-LAST-EXTERNAL
2022-01-19 18:55:00,95.129997,95.480003,95.080001,95.300003,105709.0,XBI.NYSE-1-HOUR-LAST-EXTERNAL
2022-01-19 19:55:00,94.709999,95.04,94.629997,94.650001,115069.0,XBI.NYSE-1-HOUR-LAST-EXTERNAL
2022-01-19 20:55:00,93.459999,93.620002,93.370002,93.510002,721701.0,XBI.NYSE-1-HOUR-LAST-EXTERNAL
2022-01-20 14:55:00,95.539199,95.539199,95.18,95.309997,200378.0,XBI.NYSE-1-HOUR-LAST-EXTERNAL
2022-01-20 15:55:00,96.75,96.93,96.690002,96.830001,240994.0,XBI.NYSE-1-HOUR-LAST-EXTERNAL
2022-01-20 16:55:00,96.25,96.389999,96.139999,96.220001,87615.0,XBI.NYSE-1-HOUR-LAST-EXTERNAL
2022-01-20 17:55:00,95.779998,95.900001,95.629997,95.870002,126290.0,XBI.NYSE-1-HOUR-LAST-EXTERNAL
2022-01-20 18:55:00,95.228202,95.230003,94.839996,94.889999,111924.0,XBI.NYSE-1-HOUR-LAST-EXTERNAL
2022-01-20 19:55:00,93.75,93.989997,93.690002,93.889999,110748.0,XBI.NYSE-1-HOUR-LAST-EXTERNAL
2022-01-20 20:55:00,91.870002,91.989997,91.660003,91.970001,795935.0,XBI.NYSE-1-HOUR-LAST-EXTERNAL
2022-01-21 14:55:00,91.410003,92.220001,91.300003,92.209999,249994.0,XBI.NYSE-1-HOUR-LAST-EXTERNAL
2022-01-21 15:55:00,92.93,93.080001,92.480003,92.743797,236682.0,XBI.NYSE-1-HOUR-LAST-EXTERNAL
2022-01-21 16:55:00,91.169998,91.61,91.169998,91.599998,208498.0,XBI.NYSE-1-HOUR-LAST-EXTERNAL
2022-01-21 17:55:00,91.370002,91.559997,91.190002,91.379997,169412.0,XBI.NYSE-1-HOUR-LAST-EXTERNAL
2022-01-21 18:55:00,91.099998,91.220001,90.690002,90.830001,575408.0,XBI.NYSE-1-HOUR-LAST-EXTERNAL
2022-01-21 19:55:00,90.75,90.830001,90.36,90.370002,131436.0,XBI.NYSE-1-HOUR-LAST-EXTERNAL
2022-01-21 20:55:00,90.099998,90.279998,89.919998,90.04,621488.0,XBI.NYSE-1-HOUR-LAST-EXTERNAL
2022-01-24 14:55:00,88.150001,88.970001,87.75,87.839996,394048.0,XBI.NYSE-1-HOUR-LAST-EXTERNAL
2022-01-24 15:55:00,87.870002,88.019996,87.069999,87.239997,315716.0,XBI.NYSE-1-HOUR-LAST-EXTERNAL
2022-01-24 16:55:00,87.0167,87.260002,86.589996,86.86,290894.0,XBI.NYSE-1-HOUR-LAST-EXTERNAL
2022-01-24 17:55:00,87.069999,87.449996,86.989997,87.139999,237820.0,XBI.NYSE-1-HOUR-LAST-EXTERNAL
2022-01-24 18:55:00,88.550003,89.129997,88.5,89.122901,182403.0,XBI.NYSE-1-HOUR-LAST-EXTERNAL
2022-01-24 19:55:00,89.050003,89.739997,88.720001,89.575996,223987.0,XBI.NYSE-1-HOUR-LAST-EXTERNAL
2022-01-24 20:55:00,92.5,92.510002,91.910003,92.139999,881603.0,XBI.NYSE-1-HOUR-LAST-EXTERNAL
2022-01-25 14:55:00,89.169998,89.769996,89.169998,89.559997,245149.0,XBI.NYSE-1-HOUR-LAST-EXTERNAL
2022-01-25 15:55:00,89.730003,89.879997,89.300003,89.389999,228420.0,XBI.NYSE-1-HOUR-LAST-EXTERNAL
2022-01-25 16:55:00,90.080001,90.199996,89.529998,89.529998,171212.0,XBI.NYSE-1-HOUR-LAST-EXTERNAL
2022-01-25 17:55:00,89.300003,89.569999,89.129997,89.550003,94877.0,XBI.NYSE-1-HOUR-LAST-EXTERNAL
2022-01-25 18:55:00,91.209999,91.209999,90.959999,91.120002,84179.0,XBI.NYSE-1-HOUR-LAST-EXTERNAL
2022-01-25 19:55:00,92.809997,93.11,92.699996,93.04,378344.0,XBI.NYSE-1-HOUR-LAST-EXTERNAL
2022-01-25 20:55:00,91.129997,91.480003,91.050003,91.419998,902498.0,XBI.NYSE-1-HOUR-LAST-EXTERNAL
2022-01-26 14:55:00,92.599998,92.719001,92.550003,92.699996,96036.0,XBI.NYSE-1-HOUR-LAST-EXTERNAL
2022-01-26 15:55:00,91.68,92.300003,91.650001,92.299003,95348.0,XBI.NYSE-1-HOUR-LAST-EXTERNAL
2022-01-26 16:55:00,93.93,94.349998,93.919998,94.220001,250683.0,XBI.NYSE-1-HOUR-LAST-EXTERNAL
2022-01-26 17:55:00,94.5,94.889999,94.449996,94.709999,157472.0,XBI.NYSE-1-HOUR-LAST-EXTERNAL
2022-01-26 18:55:00,94.769996,94.889999,94.669998,94.75,246581.0,XBI.NYSE-1-HOUR-LAST-EXTERNAL
2022-01-26 19:55:00,91.980003,91.989997,91.230003,91.449996,486480.0,XBI.NYSE-1-HOUR-LAST-EXTERNAL
2022-01-26 20:55:00,89.599998,90.0,89.29,89.730003,734520.0,XBI.NYSE-1-HOUR-LAST-EXTERNAL
2022-01-27 14:55:00,90.779998,90.879997,90.25,90.489997,211071.0,XBI.NYSE-1-HOUR-LAST-EXTERNAL
2022-01-27 15:55:00,87.639999,88.379997,87.639999,88.339996,186223.0,XBI.NYSE-1-HOUR-LAST-EXTERNAL
2022-01-27 16:55:00,88.379997,88.529998,88.207603,88.440101,61206.0,XBI.NYSE-1-HOUR-LAST-EXTERNAL
2022-01-27 17:55:00,87.480003,87.910003,87.480003,87.68,164326.0,XBI.NYSE-1-HOUR-LAST-EXTERNAL
2022-01-27 18:55:00,86.809997,87.480003,86.769996,87.300003,221917.0,XBI.NYSE-1-HOUR-LAST-EXTERNAL
2022-01-27 19:55:00,86.349998,86.660003,86.260002,86.459999,143060.0,XBI.NYSE-1-HOUR-LAST-EXTERNAL
2022-01-27 20:55:00,86.269996,86.269996,85.400001,85.510002,756386.0,XBI.NYSE-1-HOUR-LAST-EXTERNAL
2022-01-28 14:55:00,84.550003,84.629997,84.220001,84.400001,264223.0,XBI.NYSE-1-HOUR-LAST-EXTERNAL
2022-01-28 15:55:00,85.629997,85.692001,85.11,85.660003,219422.0,XBI.NYSE-1-HOUR-LAST-EXTERNAL
2022-01-28 16:55:00,86.660003,87.400001,86.660003,87.36,286707.0,XBI.NYSE-1-HOUR-LAST-EXTERNAL
2022-01-28 17:55:00,86.209999,86.400001,86.080001,86.080001,96483.0,XBI.NYSE-1-HOUR-LAST-EXTERNAL
2022-01-28 18:55:00,86.43,86.819999,86.349998,86.550102,123981.0,XBI.NYSE-1-HOUR-LAST-EXTERNAL
2022-01-28 19:55:00,85.569999,86.150001,85.559997,86.150001,173960.0,XBI.NYSE-1-HOUR-LAST-EXTERNAL
2022-01-28 20:55:00,88.010002,88.739997,87.943,88.629997,593281.0,XBI.NYSE-1-HOUR-LAST-EXTERNAL
2022-01-31 14:55:00,90.529998,91.160003,90.480003,91.089996,264778.0,XBI.NYSE-1-HOUR-LAST-EXTERNAL
2022-01-31 15:55:00,91.089996,91.230003,90.910003,90.970001,240703.0,XBI.NYSE-1-HOUR-LAST-EXTERNAL
2022-01-31 16:55:00,92.029998,92.25,91.980003,92.190002,148108.0,XBI.NYSE-1-HOUR-LAST-EXTERNAL
2022-01-31 17:55:00,92.529998,92.599998,92.389999,92.550003,78998.0,XBI.NYSE-1-HOUR-LAST-EXTERNAL
2022-01-31 18:55:00,92.300003,92.370002,92.019996,92.080001,71530.0,XBI.NYSE-1-HOUR-LAST-EXTERNAL
2022-01-31 19:55:00,92.089996,92.379997,92.019996,92.349998,28467.0,XBI.NYSE-1-HOUR-LAST-EXTERNAL
2022-01-31 20:55:00,93.370002,93.61,93.319999,93.459999,983715.0,XBI.NYSE-1-HOUR-LAST-EXTERNAL
2022-02-01 14:55:00,92.550003,92.959999,92.370002,92.919998,248518.0,XBI.NYSE-1-HOUR-LAST-EXTERNAL
2022-02-01 15:55:00,94.599998,95.069999,94.599998,95.059997,247883.0,XBI.NYSE-1-HOUR-LAST-EXTERNAL
2022-02-01 16:55:00,95.11,95.260002,95.04,95.139999,45749.0,XBI.NYSE-1-HOUR-LAST-EXTERNAL
2022-02-01 17:55:00,94.36,94.779998,94.330001,94.769996,34810.0,XBI.NYSE-1-HOUR-LAST-EXTERNAL
2022-02-01 18:55:00,93.900001,93.940002,93.529998,93.93,80441.0,XBI.NYSE-1-HOUR-LAST-EXTERNAL
2022-02-01 19:55:00,93.910003,94.019996,93.819999,93.879997,82874.0,XBI.NYSE-1-HOUR-LAST-EXTERNAL
2022-02-01 20:55:00,95.0,95.099998,94.919998,94.970001,637838.0,XBI.NYSE-1-HOUR-LAST-EXTERNAL
2022-02-02 14:55:00,92.970001,93.129997,92.559997,92.870002,190632.0,XBI.NYSE-1-HOUR-LAST-EXTERNAL
2022-02-02 15:55:00,92.160003,92.489997,92.010002,92.459999,99844.0,XBI.NYSE-1-HOUR-LAST-EXTERNAL
2022-02-02 16:55:00,92.029998,92.199996,91.809997,92.160003,150142.0,XBI.NYSE-1-HOUR-LAST-EXTERNAL
2022-02-02 17:55:00,92.79,92.959999,92.669998,92.949996,58002.0,XBI.NYSE-1-HOUR-LAST-EXTERNAL
2022-02-02 18:55:00,92.11,92.190002,91.959999,91.989997,59290.0,XBI.NYSE-1-HOUR-LAST-EXTERNAL
2022-02-02 19:55:00,91.599998,91.669998,91.519996,91.639999,64752.0,XBI.NYSE-1-HOUR-LAST-EXTERNAL
2022-02-02 20:55:00,91.584999,91.830001,91.510002,91.779998,502899.0,XBI.NYSE-1-HOUR-LAST-EXTERNAL
2022-02-03 14:55:00,90.900001,91.11,90.510002,90.510002,160894.0,XBI.NYSE-1-HOUR-LAST-EXTERNAL
2022-02-03 15:55:00,91.019996,91.139999,90.730003,90.800003,80897.0,XBI.NYSE-1-HOUR-LAST-EXTERNAL
2022-02-03 16:55:00,90.400001,90.470001,90.25,90.25,111945.0,XBI.NYSE-1-HOUR-LAST-EXTERNAL
2022-02-03 17:55:00,90.239997,90.440002,90.199996,90.389999,84638.0,XBI.NYSE-1-HOUR-LAST-EXTERNAL
2022-02-03 18:55:00,90.370002,90.5,90.260002,90.410003,56404.0,XBI.NYSE-1-HOUR-LAST-EXTERNAL
2022-02-03 19:55:00,89.849998,89.970001,89.79,89.889999,106583.0,XBI.NYSE-1-HOUR-LAST-EXTERNAL
2022-02-03 20:55:00,89.25,89.620002,89.239997,89.410003,629400.0,XBI.NYSE-1-HOUR-LAST-EXTERNAL
2022-02-04 14:55:00,88.709999,89.36,88.650001,89.36,158006.0,XBI.NYSE-1-HOUR-LAST-EXTERNAL
2022-02-04 15:55:00,89.54,89.559997,89.260002,89.459999,118051.0,XBI.NYSE-1-HOUR-LAST-EXTERNAL
2022-02-04 16:55:00,90.269996,90.489997,90.139999,90.160003,127066.0,XBI.NYSE-1-HOUR-LAST-EXTERNAL
2022-02-04 17:55:00,90.480003,90.705001,90.480003,90.660003,70892.0,XBI.NYSE-1-HOUR-LAST-EXTERNAL
2022-02-04 18:55:00,91.36,91.459999,91.220001,91.379997,93840.0,XBI.NYSE-1-HOUR-LAST-EXTERNAL
2022-02-04 19:55:00,91.04,91.11,90.889999,91.089996,120145.0,XBI.NYSE-1-HOUR-LAST-EXTERNAL
2022-02-04 20:55:00,90.729896,90.800003,90.580001,90.739997,475601.0,XBI.NYSE-1-HOUR-LAST-EXTERNAL
2022-02-07 14:55:00,93.849998,93.93,93.419998,93.720001,248120.0,XBI.NYSE-1-HOUR-LAST-EXTERNAL
2022-02-07 15:55:00,93.080001,93.36,92.980003,93.330001,182430.0,XBI.NYSE-1-HOUR-LAST-EXTERNAL
2022-02-07 16:55:00,91.830001,92.349998,91.779998,92.309997,79844.0,XBI.NYSE-1-HOUR-LAST-EXTERNAL
2022-02-07 17:55:00,92.709999,92.910003,92.671501,92.739997,98249.0,XBI.NYSE-1-HOUR-LAST-EXTERNAL
2022-02-07 18:55:00,92.989997,93.419998,92.981101,93.36,130825.0,XBI.NYSE-1-HOUR-LAST-EXTERNAL
2022-02-07 19:55:00,93.580001,93.690002,93.5,93.669998,88360.0,XBI.NYSE-1-HOUR-LAST-EXTERNAL
2022-02-07 20:55:00,93.160003,93.389999,93.089996,93.269996,650502.0,XBI.NYSE-1-HOUR-LAST-EXTERNAL
2022-02-08 14:55:00,92.080001,92.129997,91.25,91.29,274066.0,XBI.NYSE-1-HOUR-LAST-EXTERNAL
2022-02-08 15:55:00,92.36,92.569999,92.279998,92.480003,128007.0,XBI.NYSE-1-HOUR-LAST-EXTERNAL
2022-02-08 16:55:00,92.440002,92.580001,92.370002,92.550003,80881.0,XBI.NYSE-1-HOUR-LAST-EXTERNAL
2022-02-08 17:55:00,92.760002,92.864997,92.690002,92.730003,87646.0,XBI.NYSE-1-HOUR-LAST-EXTERNAL
2022-02-08 18:55:00,92.419998,92.569999,92.419998,92.550003,60105.0,XBI.NYSE-1-HOUR-LAST-EXTERNAL
2022-02-08 19:55:00,92.099998,92.11,91.800003,91.870002,122751.0,XBI.NYSE-1-HOUR-LAST-EXTERNAL
2022-02-08 20:55:00,92.949996,93.050003,92.86,92.940002,337355.0,XBI.NYSE-1-HOUR-LAST-EXTERNAL
2022-02-09 14:55:00,95.550003,96.029998,95.440002,95.93,344829.0,XBI.NYSE-1-HOUR-LAST-EXTERNAL
2022-02-09 15:55:00,95.779998,96.279998,95.769996,96.260002,186026.0,XBI.NYSE-1-HOUR-LAST-EXTERNAL
2022-02-09 16:55:00,96.370002,96.690002,96.339996,96.629302,104337.0,XBI.NYSE-1-HOUR-LAST-EXTERNAL
2022-02-09 17:55:00,96.889999,96.959999,96.75,96.900001,95875.0,XBI.NYSE-1-HOUR-LAST-EXTERNAL
2022-02-09 18:55:00,96.589996,96.764999,96.54,96.764999,10615520.0,XBI.NYSE-1-HOUR-LAST-EXTERNAL
2022-02-09 19:55:00,97.300003,97.330001,96.989997,97.019996,300490.0,XBI.NYSE-1-HOUR-LAST-EXTERNAL
2022-02-09 20:55:00,97.019996,97.339996,97.0,97.260002,898722.0,XBI.NYSE-1-HOUR-LAST-EXTERNAL
2022-02-10 14:55:00,96.889999,97.319999,96.68,97.11,311954.0,XBI.NYSE-1-HOUR-LAST-EXTERNAL
2022-02-10 15:55:00,98.18,98.61,98.099998,98.449996,249976.0,XBI.NYSE-1-HOUR-LAST-EXTERNAL
2022-02-10 16:55:00,98.309997,98.620002,98.309997,98.61,105186.0,XBI.NYSE-1-HOUR-LAST-EXTERNAL
2022-02-10 17:55:00,98.029998,98.339996,97.93,98.300003,171026.0,XBI.NYSE-1-HOUR-LAST-EXTERNAL
2022-02-10 18:55:00,96.730003,97.069999,96.529998,97.069999,93482.0,XBI.NYSE-1-HOUR-LAST-EXTERNAL
2022-02-10 19:55:00,94.739997,94.940002,94.669998,94.940002,714892.0,XBI.NYSE-1-HOUR-LAST-EXTERNAL
2022-02-10 20:55:00,93.970001,94.459999,93.959999,94.370002,711736.0,XBI.NYSE-1-HOUR-LAST-EXTERNAL
2022-02-11 14:55:00,95.519996,95.709999,94.839996,94.879997,310622.0,XBI.NYSE-1-HOUR-LAST-EXTERNAL
2022-02-11 15:55:00,96.589996,96.599998,96.269996,96.330001,252907.0,XBI.NYSE-1-HOUR-LAST-EXTERNAL
2022-02-11 16:55:00,94.910003,95.190002,94.86,94.940002,137610.0,XBI.NYSE-1-HOUR-LAST-EXTERNAL
2022-02-11 17:55:00,94.690002,94.86,94.68,94.819999,114709.0,XBI.NYSE-1-HOUR-LAST-EXTERNAL
2022-02-11 18:55:00,93.720001,93.819999,93.459999,93.529998,232251.0,XBI.NYSE-1-HOUR-LAST-EXTERNAL
2022-02-11 19:55:00,92.660003,93.129997,92.650001,92.989997,152774.0,XBI.NYSE-1-HOUR-LAST-EXTERNAL
2022-02-11 20:55:00,93.264396,93.569999,93.260002,93.43,379926.0,XBI.NYSE-1-HOUR-LAST-EXTERNAL
2022-02-14 14:55:00,93.809997,93.809997,92.940002,93.139999,212988.0,XBI.NYSE-1-HOUR-LAST-EXTERNAL
2022-02-14 15:55:00,92.709999,92.889999,92.529998,92.620002,168826.0,XBI.NYSE-1-HOUR-LAST-EXTERNAL
2022-02-14 16:55:00,92.879997,92.980003,92.75,92.809997,60711.0,XBI.NYSE-1-HOUR-LAST-EXTERNAL
2022-02-14 17:55:00,92.889999,92.889999,92.5,92.580001,63369.0,XBI.NYSE-1-HOUR-LAST-EXTERNAL
2022-02-14 18:55:00,91.720001,91.919998,91.669998,91.720001,142313.0,XBI.NYSE-1-HOUR-LAST-EXTERNAL
2022-02-14 19:55:00,92.589996,92.68,92.470001,92.599998,99474.0,XBI.NYSE-1-HOUR-LAST-EXTERNAL
2022-02-14 20:55:00,91.769996,91.900001,91.629997,91.819999,536852.0,XBI.NYSE-1-HOUR-LAST-EXTERNAL
2022-02-15 14:55:00,94.279998,94.809997,94.169998,94.809997,231159.0,XBI.NYSE-1-HOUR-LAST-EXTERNAL
2022-02-15 15:55:00,94.220001,94.410003,94.099998,94.25,84846.0,XBI.NYSE-1-HOUR-LAST-EXTERNAL
2022-02-15 16:55:00,95.04,95.04,94.779998,94.959999,130664.0,XBI.NYSE-1-HOUR-LAST-EXTERNAL
2022-02-15 17:55:00,93.970001,94.239997,93.949996,94.230003,105792.0,XBI.NYSE-1-HOUR-LAST-EXTERNAL
2022-02-15 18:55:00,95.089996,95.089996,94.970001,95.019996,50780.0,XBI.NYSE-1-HOUR-LAST-EXTERNAL
2022-02-15 19:55:00,95.449996,95.519996,95.319999,95.4719,74157.0,XBI.NYSE-1-HOUR-LAST-EXTERNAL
2022-02-15 20:55:00,95.68,95.760002,95.440002,95.620002,523857.0,XBI.NYSE-1-HOUR-LAST-EXTERNAL
2022-02-16 14:55:00,93.349998,93.980003,93.330001,93.769996,252623.0,XBI.NYSE-1-HOUR-LAST-EXTERNAL
2022-02-16 15:55:00,94.739997,94.830001,94.36,94.459999,180970.0,XBI.NYSE-1-HOUR-LAST-EXTERNAL
2022-02-16 16:55:00,93.68,93.79,93.629997,93.699996,62583.0,XBI.NYSE-1-HOUR-LAST-EXTERNAL
2022-02-16 17:55:00,93.68,93.68,93.370002,93.389999,34253.0,XBI.NYSE-1-HOUR-LAST-EXTERNAL
2022-02-16 18:55:00,93.510002,93.599998,93.339996,93.459999,51888.0,XBI.NYSE-1-HOUR-LAST-EXTERNAL
2022-02-16 19:55:00,94.459999,94.849998,94.449996,94.8199,133236.0,XBI.NYSE-1-HOUR-LAST-EXTERNAL
2022-02-16 20:55:00,94.68,94.75,94.510002,94.61,198350.0,XBI.NYSE-1-HOUR-LAST-EXTERNAL
2022-02-17 14:55:00,93.099998,93.220001,92.36,92.470001,345427.0,XBI.NYSE-1-HOUR-LAST-EXTERNAL
2022-02-17 15:55:00,92.099998,92.349998,92.099998,92.29,192124.0,XBI.NYSE-1-HOUR-LAST-EXTERNAL
2022-02-17 16:55:00,92.139999,92.169998,91.949996,92.0,76368.0,XBI.NYSE-1-HOUR-LAST-EXTERNAL
2022-02-17 17:55:00,92.419998,92.599998,92.400001,92.440002,58228.0,XBI.NYSE-1-HOUR-LAST-EXTERNAL
2022-02-17 18:55:00,92.059997,92.089996,92.0,92.069999,76951.0,XBI.NYSE-1-HOUR-LAST-EXTERNAL
2022-02-17 19:55:00,90.760002,90.900001,90.760002,90.830001,78841.0,XBI.NYSE-1-HOUR-LAST-EXTERNAL
2022-02-17 20:55:00,90.5,90.699996,90.470001,90.569999,670683.0,XBI.NYSE-1-HOUR-LAST-EXTERNAL
2022-02-18 14:55:00,91.349998,91.669998,91.120002,91.29,275755.0,XBI.NYSE-1-HOUR-LAST-EXTERNAL
2022-02-18 15:55:00,90.099998,90.139999,89.910003,89.959999,120058.0,XBI.NYSE-1-HOUR-LAST-EXTERNAL
2022-02-18 16:55:00,89.339996,89.400001,89.069999,89.11,4960428.0,XBI.NYSE-1-HOUR-LAST-EXTERNAL
2022-02-18 17:55:00,88.809997,89.010002,88.754997,88.879997,122849.0,XBI.NYSE-1-HOUR-LAST-EXTERNAL
2022-02-18 18:55:00,89.559997,89.580001,89.410003,89.410003,65383.0,XBI.NYSE-1-HOUR-LAST-EXTERNAL
2022-02-18 19:55:00,90.260002,90.379997,90.11,90.319999,144226.0,XBI.NYSE-1-HOUR-LAST-EXTERNAL
2022-02-18 20:55:00,89.269996,89.459999,89.214996,89.425003,560510.0,XBI.NYSE-1-HOUR-LAST-EXTERNAL
2022-02-22 14:55:00,89.379997,89.489997,89.209999,89.239997,403024.0,XBI.NYSE-1-HOUR-LAST-EXTERNAL
2022-02-22 15:55:00,89.589996,89.830001,89.54,89.739997,55474.0,XBI.NYSE-1-HOUR-LAST-EXTERNAL
2022-02-22 16:55:00,88.370002,88.580001,88.25,88.54,115630.0,XBI.NYSE-1-HOUR-LAST-EXTERNAL
2022-02-22 17:55:00,88.839996,89.019996,88.839996,88.870002,81635.0,XBI.NYSE-1-HOUR-LAST-EXTERNAL
2022-02-22 18:55:00,88.61,88.779998,88.569999,88.761001,98877.0,XBI.NYSE-1-HOUR-LAST-EXTERNAL
2022-02-22 19:55:00,89.970001,90.239997,89.970001,90.059997,146426.0,XBI.NYSE-1-HOUR-LAST-EXTERNAL
2022-02-22 20:55:00,88.54,88.809997,88.489997,88.68,545002.0,XBI.NYSE-1-HOUR-LAST-EXTERNAL
2022-02-23 14:55:00,87.830101,88.050003,87.75,87.879997,142218.0,XBI.NYSE-1-HOUR-LAST-EXTERNAL
2022-02-23 15:55:00,86.699996,86.93,86.669998,86.79,282920.0,XBI.NYSE-1-HOUR-LAST-EXTERNAL
2022-02-23 16:55:00,86.830001,87.0,86.760002,86.879997,214265.0,XBI.NYSE-1-HOUR-LAST-EXTERNAL
2022-02-23 17:55:00,86.79,86.819999,86.620002,86.639999,43653.0,XBI.NYSE-1-HOUR-LAST-EXTERNAL
2022-02-23 18:55:00,86.11,86.400001,86.11,86.279998,88122.0,XBI.NYSE-1-HOUR-LAST-EXTERNAL
2022-02-23 19:55:00,85.690002,85.800003,85.569999,85.690002,203995.0,XBI.NYSE-1-HOUR-LAST-EXTERNAL
2022-02-23 20:55:00,85.190002,85.264999,85.0,85.059997,826290.0,XBI.NYSE-1-HOUR-LAST-EXTERNAL
2022-02-24 14:55:00,83.879997,84.36,83.79,84.25,347860.0,XBI.NYSE-1-HOUR-LAST-EXTERNAL
2022-02-24 15:55:00,84.839996,85.36,84.839996,85.220001,326979.0,XBI.NYSE-1-HOUR-LAST-EXTERNAL
2022-02-24 16:55:00,85.690002,85.949996,85.559997,85.93,146848.0,XBI.NYSE-1-HOUR-LAST-EXTERNAL
2022-02-24 17:55:00,85.169998,85.480003,85.120002,85.190002,144829.0,XBI.NYSE-1-HOUR-LAST-EXTERNAL
2022-02-24 18:55:00,86.519996,86.639999,86.169998,86.220001,231329.0,XBI.NYSE-1-HOUR-LAST-EXTERNAL
2022-02-24 19:55:00,87.720001,87.730003,87.319999,87.660003,277174.0,XBI.NYSE-1-HOUR-LAST-EXTERNAL
2022-02-24 20:55:00,89.080001,89.169998,88.86,89.0,846050.0,XBI.NYSE-1-HOUR-LAST-EXTERNAL
2022-02-25 14:55:00,88.220001,88.279998,87.480003,87.550003,170552.0,XBI.NYSE-1-HOUR-LAST-EXTERNAL
2022-02-25 15:55:00,89.099998,89.260002,88.889999,88.959999,280364.0,XBI.NYSE-1-HOUR-LAST-EXTERNAL
2022-02-25 16:55:00,89.339996,89.599998,89.309997,89.599998,146052.0,XBI.NYSE-1-HOUR-LAST-EXTERNAL
2022-02-25 17:55:00,88.510002,88.839996,88.400001,88.760002,184146.0,XBI.NYSE-1-HOUR-LAST-EXTERNAL
2022-02-25 18:55:00,89.129997,89.160003,88.830001,89.11,106941.0,XBI.NYSE-1-HOUR-LAST-EXTERNAL
2022-02-25 19:55:00,88.906303,89.160003,88.86,89.160003,116105.0,XBI.NYSE-1-HOUR-LAST-EXTERNAL
2022-02-25 20:55:00,89.620002,89.79,89.529998,89.75,573108.0,XBI.NYSE-1-HOUR-LAST-EXTERNAL
2022-02-28 14:55:00,89.260002,89.559997,89.239997,89.529998,171519.0,XBI.NYSE-1-HOUR-LAST-EXTERNAL
2022-02-28 15:55:00,90.43,90.489997,90.260002,90.300003,132563.0,XBI.NYSE-1-HOUR-LAST-EXTERNAL
2022-02-28 16:55:00,90.959999,91.059997,90.919998,90.980003,84817.0,XBI.NYSE-1-HOUR-LAST-EXTERNAL
2022-02-28 17:55:00,90.029998,90.330001,90.019996,90.309997,80535.0,XBI.NYSE-1-HOUR-LAST-EXTERNAL
2022-02-28 18:55:00,90.069999,90.160003,89.900001,89.919998,50457.0,XBI.NYSE-1-HOUR-LAST-EXTERNAL
2022-02-28 19:55:00,89.449996,89.760002,89.449996,89.730003,92700.0,XBI.NYSE-1-HOUR-LAST-EXTERNAL
2022-02-28 20:55:00,90.089996,90.129997,89.809997,89.819999,354190.0,XBI.NYSE-1-HOUR-LAST-EXTERNAL
2022-03-01 14:55:00,90.0,90.019996,89.639999,89.779998,361453.0,XBI.NYSE-1-HOUR-LAST-EXTERNAL
2022-03-01 15:55:00,89.459999,89.480003,89.175003,89.459999,188081.0,XBI.NYSE-1-HOUR-LAST-EXTERNAL
2022-03-01 16:55:00,88.830001,88.910003,88.639999,88.849998,174385.0,XBI.NYSE-1-HOUR-LAST-EXTERNAL
2022-03-01 17:55:00,89.529998,89.830001,89.489997,89.75,96131.0,XBI.NYSE-1-HOUR-LAST-EXTERNAL
2022-03-01 18:55:00,89.510002,89.75,89.379997,89.698196,85823.0,XBI.NYSE-1-HOUR-LAST-EXTERNAL
2022-03-01 19:55:00,89.669998,89.714996,89.391502,89.550003,108860.0,XBI.NYSE-1-HOUR-LAST-EXTERNAL
2022-03-01 20:55:00,88.800003,89.160003,88.730003,89.04,312434.0,XBI.NYSE-1-HOUR-LAST-EXTERNAL
2022-03-02 14:55:00,89.269996,89.36,88.769996,88.870002,146023.0,XBI.NYSE-1-HOUR-LAST-EXTERNAL
2022-03-02 15:55:00,88.849998,89.150001,88.779998,89.04,48763.0,XBI.NYSE-1-HOUR-LAST-EXTERNAL
2022-03-02 16:55:00,88.769996,89.010002,88.75,88.980003,94781.0,XBI.NYSE-1-HOUR-LAST-EXTERNAL
2022-03-02 17:55:00,89.510002,89.720001,89.449996,89.629997,59742.0,XBI.NYSE-1-HOUR-LAST-EXTERNAL
2022-03-02 18:55:00,89.779998,89.949996,89.75,89.940002,39314.0,XBI.NYSE-1-HOUR-LAST-EXTERNAL
2022-03-02 19:55:00,89.739997,89.809997,89.459999,89.529998,49284.0,XBI.NYSE-1-HOUR-LAST-EXTERNAL
2022-03-02 20:55:00,89.410003,89.410003,89.175003,89.339996,222544.0,XBI.NYSE-1-HOUR-LAST-EXTERNAL
2022-03-03 14:55:00,88.18,88.36,88.029998,88.199996,188418.0,XBI.NYSE-1-HOUR-LAST-EXTERNAL
2022-03-03 15:55:00,86.989997,87.050003,86.86,86.958396,83660.0,XBI.NYSE-1-HOUR-LAST-EXTERNAL
2022-03-03 16:55:00,87.819999,88.089897,87.5,87.870002,264393.0,XBI.NYSE-1-HOUR-LAST-EXTERNAL
2022-03-03 17:55:00,87.569999,87.589996,87.440002,87.459999,49501.0,XBI.NYSE-1-HOUR-LAST-EXTERNAL
2022-03-03 18:55:00,87.29,87.309997,87.18,87.239997,59267.0,XBI.NYSE-1-HOUR-LAST-EXTERNAL
2022-03-03 19:55:00,86.410003,86.519996,86.319999,86.419998,78326.0,XBI.NYSE-1-HOUR-LAST-EXTERNAL
2022-03-03 20:55:00,86.389999,86.699996,86.339996,86.669998,397806.0,XBI.NYSE-1-HOUR-LAST-EXTERNAL
2022-03-04 14:55:00,86.120002,86.419998,85.989997,86.330001,385764.0,XBI.NYSE-1-HOUR-LAST-EXTERNAL
2022-03-04 15:55:00,85.470001,85.470001,85.190002,85.190002,61366.0,XBI.NYSE-1-HOUR-LAST-EXTERNAL
2022-03-04 16:55:00,84.900001,85.120002,84.889999,84.940002,316997.0,XBI.NYSE-1-HOUR-LAST-EXTERNAL
2022-03-04 17:55:00,84.760002,84.93,84.739997,84.760002,84037.0,XBI.NYSE-1-HOUR-LAST-EXTERNAL
2022-03-04 18:55:00,84.800003,84.86,84.54,84.569999,91508.0,XBI.NYSE-1-HOUR-LAST-EXTERNAL
2022-03-04 19:55:00,84.029998,84.059997,83.709999,83.720001,111287.0,XBI.NYSE-1-HOUR-LAST-EXTERNAL
2022-03-04 20:55:00,83.870002,84.029998,83.870002,83.980003,568809.0,XBI.NYSE-1-HOUR-LAST-EXTERNAL
2022-03-07 14:55:00,84.309997,84.400001,83.819999,83.919998,232697.0,XBI.NYSE-1-HOUR-LAST-EXTERNAL
2022-03-07 15:55:00,83.519996,83.800003,83.459999,83.559997,191183.0,XBI.NYSE-1-HOUR-LAST-EXTERNAL
2022-03-07 16:55:00,83.730003,83.809997,83.529998,83.639999,149837.0,XBI.NYSE-1-HOUR-LAST-EXTERNAL
2022-03-07 17:55:00,85.0,85.099998,84.779998,84.830001,82769.0,XBI.NYSE-1-HOUR-LAST-EXTERNAL
2022-03-07 18:55:00,84.470001,84.54,84.300003,84.300003,67384.0,XBI.NYSE-1-HOUR-LAST-EXTERNAL
2022-03-07 19:55:00,84.0,84.11,83.839996,83.970001,120356.0,XBI.NYSE-1-HOUR-LAST-EXTERNAL
2022-03-07 20:55:00,83.650001,83.910003,83.625,83.730003,661049.0,XBI.NYSE-1-HOUR-LAST-EXTERNAL
2022-03-08 14:55:00,82.169998,82.440002,82.069999,82.330001,260114.0,XBI.NYSE-1-HOUR-LAST-EXTERNAL
2022-03-08 15:55:00,83.639999,84.099998,83.529998,84.059997,289324.0,XBI.NYSE-1-HOUR-LAST-EXTERNAL
2022-03-08 16:55:00,84.550003,84.779998,84.400001,84.54,115050.0,XBI.NYSE-1-HOUR-LAST-EXTERNAL
2022-03-08 17:55:00,86.739997,86.79,86.5,86.75,139562.0,XBI.NYSE-1-HOUR-LAST-EXTERNAL
2022-03-08 18:55:00,85.269996,85.379997,85.089996,85.139999,93610.0,XBI.NYSE-1-HOUR-LAST-EXTERNAL
2022-03-08 19:55:00,85.550003,85.779998,85.43,85.650001,117346.0,XBI.NYSE-1-HOUR-LAST-EXTERNAL
2022-03-08 20:55:00,84.650001,84.660003,84.29,84.400001,301923.0,XBI.NYSE-1-HOUR-LAST-EXTERNAL
2022-03-09 14:55:00,86.620002,87.010002,86.599998,86.959999,219675.0,XBI.NYSE-1-HOUR-LAST-EXTERNAL
2022-03-09 15:55:00,87.569999,87.739997,87.569999,87.650001,35736.0,XBI.NYSE-1-HOUR-LAST-EXTERNAL
2022-03-09 16:55:00,88.029998,88.18,87.940002,88.154998,92861.0,XBI.NYSE-1-HOUR-LAST-EXTERNAL
2022-03-09 17:55:00,88.165,88.230003,87.870002,87.900001,183773.0,XBI.NYSE-1-HOUR-LAST-EXTERNAL
2022-03-09 18:55:00,87.889999,88.029998,87.800003,87.857101,58631.0,XBI.NYSE-1-HOUR-LAST-EXTERNAL
2022-03-09 19:55:00,88.260002,88.500099,88.245002,88.449996,100863.0,XBI.NYSE-1-HOUR-LAST-EXTERNAL
2022-03-09 20:55:00,88.635002,88.709999,88.43,88.480003,528227.0,XBI.NYSE-1-HOUR-LAST-EXTERNAL
2022-03-10 14:55:00,87.54,87.830001,87.470001,87.720001,144503.0,XBI.NYSE-1-HOUR-LAST-EXTERNAL
2022-03-10 15:55:00,86.370002,86.54,86.220001,86.529998,111532.0,XBI.NYSE-1-HOUR-LAST-EXTERNAL
2022-03-10 16:55:00,86.769996,86.879997,86.709999,86.839996,50945.0,XBI.NYSE-1-HOUR-LAST-EXTERNAL
2022-03-10 17:55:00,86.510002,86.639999,86.480003,86.589996,51125.0,XBI.NYSE-1-HOUR-LAST-EXTERNAL
2022-03-10 18:55:00,86.739997,86.959999,86.690002,86.870002,57844.0,XBI.NYSE-1-HOUR-LAST-EXTERNAL
2022-03-10 19:55:00,87.68,87.824996,87.669998,87.730003,60685.0,XBI.NYSE-1-HOUR-LAST-EXTERNAL
2022-03-10 20:55:00,87.919998,88.0,87.849998,87.980003,790442.0,XBI.NYSE-1-HOUR-LAST-EXTERNAL
2022-03-11 14:55:00,88.599998,88.639999,88.400001,88.550003,171822.0,XBI.NYSE-1-HOUR-LAST-EXTERNAL
2022-03-11 15:55:00,87.099998,87.199996,87.029998,87.165,89530.0,XBI.NYSE-1-HOUR-LAST-EXTERNAL
2022-03-11 16:55:00,86.529998,86.660003,86.43,86.625,49424.0,XBI.NYSE-1-HOUR-LAST-EXTERNAL
2022-03-11 17:55:00,85.964996,86.169998,85.955001,86.050003,75858.0,XBI.NYSE-1-HOUR-LAST-EXTERNAL
2022-03-11 18:55:00,85.849998,85.910003,85.707496,85.709999,74844.0,XBI.NYSE-1-HOUR-LAST-EXTERNAL
2022-03-11 19:55:00,85.059997,85.099998,84.779998,84.79,346187.0,XBI.NYSE-1-HOUR-LAST-EXTERNAL
2022-03-11 20:55:00,84.800003,84.959999,84.480003,84.529998,882484.0,XBI.NYSE-1-HOUR-LAST-EXTERNAL
2022-03-14 13:55:00,84.870002,84.980003,84.379997,84.800003,163054.0,XBI.NYSE-1-HOUR-LAST-EXTERNAL
2022-03-14 14:55:00,84.18,84.389999,83.940002,84.029998,150744.0,XBI.NYSE-1-HOUR-LAST-EXTERNAL
2022-03-14 15:55:00,82.949996,82.969902,82.807502,82.900001,140535.0,XBI.NYSE-1-HOUR-LAST-EXTERNAL
2022-03-14 16:55:00,81.599998,81.699996,81.500602,81.519996,167909.0,XBI.NYSE-1-HOUR-LAST-EXTERNAL
2022-03-14 17:55:00,81.230003,81.370002,81.169998,81.209999,202910.0,XBI.NYSE-1-HOUR-LAST-EXTERNAL
2022-03-14 18:55:00,81.120002,81.25,81.04,81.169998,306496.0,XBI.NYSE-1-HOUR-LAST-EXTERNAL
2022-03-14 19:55:00,80.879997,81.129997,80.879997,80.989997,680643.0,XBI.NYSE-1-HOUR-LAST-EXTERNAL
2022-03-15 13:55:00,81.160003,81.410003,81.089996,81.099998,199455.0,XBI.NYSE-1-HOUR-LAST-EXTERNAL
2022-03-15 14:55:00,81.870002,82.069999,81.300003,81.339996,296716.0,XBI.NYSE-1-HOUR-LAST-EXTERNAL
2022-03-15 15:55:00,81.069999,81.25,80.86,81.230003,113875.0,XBI.NYSE-1-HOUR-LAST-EXTERNAL
2022-03-15 16:55:00,81.050003,81.294998,81.0,81.269996,7478638.0,XBI.NYSE-1-HOUR-LAST-EXTERNAL
2022-03-15 17:55:00,81.139999,81.410003,81.129997,81.330001,60405.0,XBI.NYSE-1-HOUR-LAST-EXTERNAL
2022-03-15 18:55:00,81.589897,81.800003,81.535003,81.730003,106309.0,XBI.NYSE-1-HOUR-LAST-EXTERNAL
2022-03-15 19:55:00,82.04,82.269996,81.970001,82.25,335785.0,XBI.NYSE-1-HOUR-LAST-EXTERNAL
2022-03-16 13:55:00,83.7901,83.93,83.440002,83.519996,165489.0,XBI.NYSE-1-HOUR-LAST-EXTERNAL
2022-03-16 14:55:00,84.349998,84.400001,83.870002,83.970001,106902.0,XBI.NYSE-1-HOUR-LAST-EXTERNAL
2022-03-16 15:55:00,84.489997,84.54,84.370002,84.444999,68182.0,XBI.NYSE-1-HOUR-LAST-EXTERNAL
2022-03-16 16:55:00,84.260002,84.459999,84.260002,84.419998,47051.0,XBI.NYSE-1-HOUR-LAST-EXTERNAL
2022-03-16 17:55:00,84.480003,84.68,84.440002,84.580001,98411.0,XBI.NYSE-1-HOUR-LAST-EXTERNAL
2022-03-16 18:55:00,83.970001,84.349998,83.910003,84.199996,148345.0,XBI.NYSE-1-HOUR-LAST-EXTERNAL
2022-03-16 19:55:00,85.959999,86.29,85.849998,86.230003,643554.0,XBI.NYSE-1-HOUR-LAST-EXTERNAL
2022-03-17 13:55:00,87.300003,87.800003,87.300003,87.779998,236810.0,XBI.NYSE-1-HOUR-LAST-EXTERNAL
2022-03-17 14:55:00,87.059997,87.209999,86.849998,86.919998,206452.0,XBI.NYSE-1-HOUR-LAST-EXTERNAL
2022-03-17 15:55:00,87.580001,87.650001,87.470001,87.629997,45061.0,XBI.NYSE-1-HOUR-LAST-EXTERNAL
2022-03-17 16:55:00,88.019996,88.205001,88.019996,88.150001,94655.0,XBI.NYSE-1-HOUR-LAST-EXTERNAL
2022-03-17 17:55:00,88.900001,89.019996,88.830001,88.980003,84799.0,XBI.NYSE-1-HOUR-LAST-EXTERNAL
2022-03-17 18:55:00,89.220001,89.309997,89.165,89.260002,102609.0,XBI.NYSE-1-HOUR-LAST-EXTERNAL
2022-03-17 19:55:00,89.389999,89.709999,89.379997,89.599998,856856.0,XBI.NYSE-1-HOUR-LAST-EXTERNAL
2022-03-18 13:55:00,91.529998,92.010002,91.489997,91.830001,280165.0,XBI.NYSE-1-HOUR-LAST-EXTERNAL
2022-03-18 14:55:00,90.910003,91.519996,90.849998,91.410003,227270.0,XBI.NYSE-1-HOUR-LAST-EXTERNAL
2022-03-18 15:55:00,91.510002,91.714996,91.400001,91.480003,85352.0,XBI.NYSE-1-HOUR-LAST-EXTERNAL
2022-03-18 16:55:00,91.949996,92.050003,91.910003,91.919998,60998.0,XBI.NYSE-1-HOUR-LAST-EXTERNAL
2022-03-18 17:55:00,92.29,92.410003,92.139999,92.220001,108758.0,XBI.NYSE-1-HOUR-LAST-EXTERNAL
2022-03-18 18:55:00,91.989997,91.989997,91.86,91.870002,102221.0,XBI.NYSE-1-HOUR-LAST-EXTERNAL
2022-03-18 19:55:00,92.194999,92.260002,92.029998,92.099998,1140846.0,XBI.NYSE-1-HOUR-LAST-EXTERNAL
2022-03-21 13:55:00,89.779998,90.519996,89.650001,90.260002,253803.0,XBI.NYSE-1-HOUR-LAST-EXTERNAL
2022-03-21 14:55:00,90.389999,90.760002,90.25,90.75,115117.0,XBI.NYSE-1-HOUR-LAST-EXTERNAL
2022-03-21 15:55:00,91.050003,91.29,90.980003,91.18,65940.0,XBI.NYSE-1-HOUR-LAST-EXTERNAL
2022-03-21 16:55:00,89.900001,90.050003,89.639999,89.690002,129736.0,XBI.NYSE-1-HOUR-LAST-EXTERNAL
2022-03-21 17:55:00,89.010002,89.175003,88.879997,89.160003,65293.0,XBI.NYSE-1-HOUR-LAST-EXTERNAL
2022-03-21 18:55:00,89.209999,89.209999,88.769996,88.79,83677.0,XBI.NYSE-1-HOUR-LAST-EXTERNAL
2022-03-21 19:55:00,88.839996,89.044998,88.785003,89.019996,900620.0,XBI.NYSE-1-HOUR-LAST-EXTERNAL
2022-03-22 13:55:00,90.190002,90.730003,90.089996,90.68,160180.0,XBI.NYSE-1-HOUR-LAST-EXTERNAL
2022-03-22 14:55:00,90.879997,90.980003,90.819999,90.910003,174591.0,XBI.NYSE-1-HOUR-LAST-EXTERNAL
2022-03-22 15:55:00,91.419998,91.440002,91.220001,91.229896,43473.0,XBI.NYSE-1-HOUR-LAST-EXTERNAL
2022-03-22 16:55:00,91.18,91.209999,91.04,91.138298,31762.0,XBI.NYSE-1-HOUR-LAST-EXTERNAL
2022-03-22 17:55:00,91.870002,91.966003,91.86,91.93,93565.0,XBI.NYSE-1-HOUR-LAST-EXTERNAL
2022-03-22 18:55:00,92.129997,92.36,92.105003,92.324996,112324.0,XBI.NYSE-1-HOUR-LAST-EXTERNAL
2022-03-22 19:55:00,92.264999,92.319999,91.959999,92.209999,765456.0,XBI.NYSE-1-HOUR-LAST-EXTERNAL
2022-03-23 13:55:00,90.739997,90.849998,90.565002,90.61,136840.0,XBI.NYSE-1-HOUR-LAST-EXTERNAL
2022-03-23 14:55:00,91.370002,91.800003,91.339996,91.769996,75999.0,XBI.NYSE-1-HOUR-LAST-EXTERNAL
2022-03-23 15:55:00,92.809997,92.955001,92.79,92.819999,149565.0,XBI.NYSE-1-HOUR-LAST-EXTERNAL
2022-03-23 16:55:00,92.569999,92.730003,92.519996,92.639999,55547.0,XBI.NYSE-1-HOUR-LAST-EXTERNAL
2022-03-23 17:55:00,91.669998,91.879997,91.580001,91.800003,56834.0,XBI.NYSE-1-HOUR-LAST-EXTERNAL
2022-03-23 18:55:00,90.879997,90.910003,90.510002,90.510002,89511.0,XBI.NYSE-1-HOUR-LAST-EXTERNAL
2022-03-23 19:55:00,90.029998,90.150001,89.870002,89.970001,463863.0,XBI.NYSE-1-HOUR-LAST-EXTERNAL
2022-03-24 13:55:00,89.830001,90.139999,89.730003,89.79,132384.0,XBI.NYSE-1-HOUR-LAST-EXTERNAL
2022-03-24 14:55:00,90.160003,90.379997,89.980003,90.379997,83467.0,XBI.NYSE-1-HOUR-LAST-EXTERNAL
2022-03-24 15:55:00,90.839996,90.989997,90.819999,90.93,68287.0,XBI.NYSE-1-HOUR-LAST-EXTERNAL
2022-03-24 16:55:00,91.160003,91.269897,91.129997,91.230003,77540.0,XBI.NYSE-1-HOUR-LAST-EXTERNAL
2022-03-24 17:55:00,91.169998,91.339996,91.168502,91.269996,38143.0,XBI.NYSE-1-HOUR-LAST-EXTERNAL
2022-03-24 18:55:00,91.639999,91.819999,91.620002,91.669998,107584.0,XBI.NYSE-1-HOUR-LAST-EXTERNAL
2022-03-24 19:55:00,91.5,91.934997,91.434997,91.819999,548064.0,XBI.NYSE-1-HOUR-LAST-EXTERNAL
2022-03-25 13:55:00,90.819999,90.910003,90.190002,90.29,129010.0,XBI.NYSE-1-HOUR-LAST-EXTERNAL
2022-03-25 14:55:00,90.589996,90.809997,90.529998,90.800003,77664.0,XBI.NYSE-1-HOUR-LAST-EXTERNAL
2022-03-25 15:55:00,89.889999,89.900001,89.650001,89.709999,90085.0,XBI.NYSE-1-HOUR-LAST-EXTERNAL
2022-03-25 16:55:00,89.870002,90.089996,89.769996,90.019996,61610.0,XBI.NYSE-1-HOUR-LAST-EXTERNAL
2022-03-25 17:55:00,89.980003,90.279998,89.949996,90.269996,50525.0,XBI.NYSE-1-HOUR-LAST-EXTERNAL
2022-03-25 18:55:00,90.470001,90.470001,90.209999,90.319999,94184.0,XBI.NYSE-1-HOUR-LAST-EXTERNAL
2022-03-25 19:55:00,89.61,89.660003,89.489997,89.650001,504858.0,XBI.NYSE-1-HOUR-LAST-EXTERNAL
2022-03-28 13:55:00,90.319999,90.779998,90.279998,90.529998,135842.0,XBI.NYSE-1-HOUR-LAST-EXTERNAL
2022-03-28 14:55:00,89.599998,89.61,89.260002,89.43,85752.0,XBI.NYSE-1-HOUR-LAST-EXTERNAL
2022-03-28 15:55:00,88.400001,88.410003,88.18,88.220001,93690.0,XBI.NYSE-1-HOUR-LAST-EXTERNAL
2022-03-28 16:55:00,88.449996,88.599998,88.419998,88.43,35038.0,XBI.NYSE-1-HOUR-LAST-EXTERNAL
2022-03-28 17:55:00,88.79,89.004997,88.694999,88.980003,68777.0,XBI.NYSE-1-HOUR-LAST-EXTERNAL
2022-03-28 18:55:00,89.0,89.300003,88.970001,89.300003,82595.0,XBI.NYSE-1-HOUR-LAST-EXTERNAL
2022-03-28 19:55:00,89.169998,89.739997,89.129997,89.669998,246046.0,XBI.NYSE-1-HOUR-LAST-EXTERNAL
2022-03-29 13:55:00,92.669998,92.769996,92.489997,92.620002,151677.0,XBI.NYSE-1-HOUR-LAST-EXTERNAL
2022-03-29 14:55:00,93.279998,93.449996,93.139999,93.269996,128663.0,XBI.NYSE-1-HOUR-LAST-EXTERNAL
2022-03-29 15:55:00,93.300003,93.319999,93.18,93.269996,149652.0,XBI.NYSE-1-HOUR-LAST-EXTERNAL
2022-03-29 16:55:00,92.629997,92.75,92.489997,92.75,102112.0,XBI.NYSE-1-HOUR-LAST-EXTERNAL
2022-03-29 17:55:00,92.849998,92.949996,92.815002,92.919998,28628.0,XBI.NYSE-1-HOUR-LAST-EXTERNAL
2022-03-29 18:55:00,93.440002,93.440002,93.279998,93.410003,138764.0,XBI.NYSE-1-HOUR-LAST-EXTERNAL
2022-03-29 19:55:00,93.239997,93.639999,93.184997,93.589996,501447.0,XBI.NYSE-1-HOUR-LAST-EXTERNAL
2022-03-30 13:55:00,93.300003,93.760002,93.230003,93.61,105563.0,XBI.NYSE-1-HOUR-LAST-EXTERNAL
2022-03-30 14:55:00,94.11,94.11,93.815002,93.93,116650.0,XBI.NYSE-1-HOUR-LAST-EXTERNAL
2022-03-30 15:55:00,93.944999,94.080001,93.819999,93.879997,48924.0,XBI.NYSE-1-HOUR-LAST-EXTERNAL
2022-03-30 16:55:00,93.769996,93.889999,93.660003,93.660003,41089.0,XBI.NYSE-1-HOUR-LAST-EXTERNAL
2022-03-30 17:55:00,92.79,92.849998,92.510002,92.529998,56055.0,XBI.NYSE-1-HOUR-LAST-EXTERNAL
2022-03-30 18:55:00,91.190002,91.464996,91.180099,91.25,79172.0,XBI.NYSE-1-HOUR-LAST-EXTERNAL
2022-03-30 19:55:00,90.43,90.709999,90.43,90.709999,635263.0,XBI.NYSE-1-HOUR-LAST-EXTERNAL
2022-03-31 13:55:00,91.529998,91.889999,91.459999,91.839996,193335.0,XBI.NYSE-1-HOUR-LAST-EXTERNAL
2022-03-31 14:55:00,91.25,91.669998,91.25,91.580001,84419.0,XBI.NYSE-1-HOUR-LAST-EXTERNAL
2022-03-31 15:55:00,90.93,91.199996,90.879997,91.190002,41071.0,XBI.NYSE-1-HOUR-LAST-EXTERNAL
2022-03-31 16:55:00,90.720001,90.819999,90.629997,90.660003,49351.0,XBI.NYSE-1-HOUR-LAST-EXTERNAL
2022-03-31 17:55:00,91.0,91.050003,90.809997,90.839996,39175.0,XBI.NYSE-1-HOUR-LAST-EXTERNAL
2022-03-31 18:55:00,90.730003,90.919998,90.709999,90.889999,63594.0,XBI.NYSE-1-HOUR-LAST-EXTERNAL
2022-03-31 19:55:00,90.019996,90.150001,89.870002,89.910003,869228.0,XBI.NYSE-1-HOUR-LAST-EXTERNAL
2022-04-01 13:55:00,91.279998,92.04,91.25,92.019996,217106.0,XBI.NYSE-1-HOUR-LAST-EXTERNAL
2022-04-01 14:55:00,92.660003,92.919998,92.589996,92.730003,109608.0,XBI.NYSE-1-HOUR-LAST-EXTERNAL
2022-04-01 15:55:00,91.959999,91.959999,91.589996,91.669998,67377.0,XBI.NYSE-1-HOUR-LAST-EXTERNAL
2022-04-01 16:55:00,91.809997,91.849998,91.629997,91.699996,96341.0,XBI.NYSE-1-HOUR-LAST-EXTERNAL
2022-04-01 17:55:00,92.089996,92.230003,92.059997,92.129997,86166.0,XBI.NYSE-1-HOUR-LAST-EXTERNAL
2022-04-01 18:55:00,92.61,92.849998,92.61,92.819999,80459.0,XBI.NYSE-1-HOUR-LAST-EXTERNAL
2022-04-01 19:55:00,93.230003,93.459999,93.169998,93.36,689631.0,XBI.NYSE-1-HOUR-LAST-EXTERNAL
2022-04-04 13:55:00,93.889999,94.300003,93.5,93.660003,204203.0,XBI.NYSE-1-HOUR-LAST-EXTERNAL
2022-04-04 14:55:00,94.519996,94.580001,94.370002,94.410003,97137.0,XBI.NYSE-1-HOUR-LAST-EXTERNAL
2022-04-04 15:55:00,95.389999,95.519996,95.300003,95.510002,115167.0,XBI.NYSE-1-HOUR-LAST-EXTERNAL
2022-04-04 16:55:00,95.769996,95.769996,95.599998,95.620002,94440.0,XBI.NYSE-1-HOUR-LAST-EXTERNAL
2022-04-04 17:55:00,96.074996,96.139999,95.980003,96.065002,120392.0,XBI.NYSE-1-HOUR-LAST-EXTERNAL
2022-04-04 18:55:00,96.059997,96.29,96.059997,96.120002,101176.0,XBI.NYSE-1-HOUR-LAST-EXTERNAL
2022-04-04 19:55:00,96.0,96.099998,95.910003,96.050003,732372.0,XBI.NYSE-1-HOUR-LAST-EXTERNAL
2022-04-05 13:55:00,96.330001,96.379997,96.019996,96.11,143257.0,XBI.NYSE-1-HOUR-LAST-EXTERNAL
2022-04-05 14:55:00,96.139999,96.150001,95.830001,95.964996,187231.0,XBI.NYSE-1-HOUR-LAST-EXTERNAL
2022-04-05 15:55:00,95.199996,95.334999,95.139999,95.199996,5897382.0,XBI.NYSE-1-HOUR-LAST-EXTERNAL
2022-04-05 16:55:00,94.449996,94.595001,94.370002,94.550003,67380.0,XBI.NYSE-1-HOUR-LAST-EXTERNAL
2022-04-05 17:55:00,94.25,94.339996,94.199996,94.330001,51408.0,XBI.NYSE-1-HOUR-LAST-EXTERNAL
2022-04-05 18:55:00,93.849998,93.93,93.529998,93.559997,213492.0,XBI.NYSE-1-HOUR-LAST-EXTERNAL
2022-04-05 19:55:00,93.25,93.410003,93.019996,93.190002,716091.0,XBI.NYSE-1-HOUR-LAST-EXTERNAL
2022-04-06 13:55:00,92.089996,92.279998,91.889999,91.919998,228613.0,XBI.NYSE-1-HOUR-LAST-EXTERNAL
2022-04-06 14:55:00,92.54,92.61,92.279998,92.299797,149369.0,XBI.NYSE-1-HOUR-LAST-EXTERNAL
2022-04-06 15:55:00,92.529998,92.559997,92.169998,92.309997,127315.0,XBI.NYSE-1-HOUR-LAST-EXTERNAL
2022-04-06 16:55:00,92.25,92.36,92.209999,92.230003,86734.0,XBI.NYSE-1-HOUR-LAST-EXTERNAL
2022-04-06 17:55:00,93.04,93.139999,92.830001,92.830001,108800.0,XBI.NYSE-1-HOUR-LAST-EXTERNAL
2022-04-06 18:55:00,93.720001,93.860099,93.569999,93.809997,175397.0,XBI.NYSE-1-HOUR-LAST-EXTERNAL
2022-04-06 19:55:00,93.480003,93.605003,93.309997,93.379997,487949.0,XBI.NYSE-1-HOUR-LAST-EXTERNAL
2022-04-07 13:55:00,93.269996,93.529998,92.940002,93.43,117305.0,XBI.NYSE-1-HOUR-LAST-EXTERNAL
2022-04-07 14:55:00,92.93,92.949996,92.720001,92.849998,55616.0,XBI.NYSE-1-HOUR-LAST-EXTERNAL
2022-04-07 15:55:00,91.870002,92.010002,91.819999,92.0,80290.0,XBI.NYSE-1-HOUR-LAST-EXTERNAL
2022-04-07 16:55:00,91.260002,91.470001,91.224998,91.464996,122991.0,XBI.NYSE-1-HOUR-LAST-EXTERNAL
2022-04-07 17:55:00,91.629997,92.300003,91.620002,92.209999,90257.0,XBI.NYSE-1-HOUR-LAST-EXTERNAL
2022-04-07 18:55:00,92.220001,92.559997,92.209999,92.385002,120387.0,XBI.NYSE-1-HOUR-LAST-EXTERNAL
2022-04-07 19:55:00,92.29,92.370002,92.235,92.330001,462659.0,XBI.NYSE-1-HOUR-LAST-EXTERNAL
2022-04-08 13:55:00,90.889999,90.940002,90.36,90.36,285107.0,XBI.NYSE-1-HOUR-LAST-EXTERNAL
2022-04-08 14:55:00,91.199996,91.370002,91.129997,91.36,942320.0,XBI.NYSE-1-HOUR-LAST-EXTERNAL
2022-04-08 15:55:00,91.379997,91.559997,91.339996,91.485,159377.0,XBI.NYSE-1-HOUR-LAST-EXTERNAL
2022-04-08 16:55:00,92.339996,92.440002,92.300003,92.379997,65099.0,XBI.NYSE-1-HOUR-LAST-EXTERNAL
2022-04-08 17:55:00,92.04,92.220001,92.014999,92.18,53955.0,XBI.NYSE-1-HOUR-LAST-EXTERNAL
2022-04-08 18:55:00,91.720001,91.720001,91.29,91.324996,70051.0,XBI.NYSE-1-HOUR-LAST-EXTERNAL
2022-04-08 19:55:00,90.169998,90.389999,90.151397,90.370002,591059.0,XBI.NYSE-1-HOUR-LAST-EXTERNAL
2022-04-11 13:55:00,88.889999,89.029998,88.650001,88.730003,236934.0,XBI.NYSE-1-HOUR-LAST-EXTERNAL
2022-04-11 14:55:00,87.760002,87.919998,87.620002,87.699996,118932.0,XBI.NYSE-1-HOUR-LAST-EXTERNAL
2022-04-11 15:55:00,87.599998,87.620002,87.389999,87.43,206053.0,XBI.NYSE-1-HOUR-LAST-EXTERNAL
2022-04-11 16:55:00,87.049896,87.400001,86.970001,87.370002,126628.0,XBI.NYSE-1-HOUR-LAST-EXTERNAL
2022-04-11 17:55:00,87.705001,88.004997,87.610099,87.980003,62765.0,XBI.NYSE-1-HOUR-LAST-EXTERNAL
2022-04-11 18:55:00,88.279998,88.334999,88.169998,88.239997,74004.0,XBI.NYSE-1-HOUR-LAST-EXTERNAL
2022-04-11 19:55:00,87.260002,87.36,87.129997,87.36,568050.0,XBI.NYSE-1-HOUR-LAST-EXTERNAL
2022-04-12 13:55:00,89.260002,89.809997,89.239997,89.660003,342494.0,XBI.NYSE-1-HOUR-LAST-EXTERNAL
2022-04-12 14:55:00,88.11,88.440002,88.050003,88.36,118961.0,XBI.NYSE-1-HOUR-LAST-EXTERNAL
2022-04-12 15:55:00,89.150001,89.169998,88.830001,88.870002,74936.0,XBI.NYSE-1-HOUR-LAST-EXTERNAL
2022-04-12 16:55:00,88.239997,88.36,88.195701,88.300003,80899.0,XBI.NYSE-1-HOUR-LAST-EXTERNAL
2022-04-12 17:55:00,87.440002,87.444999,87.300003,87.389999,78114.0,XBI.NYSE-1-HOUR-LAST-EXTERNAL
2022-04-12 18:55:00,86.809997,86.949996,86.61,86.6399,356661.0,XBI.NYSE-1-HOUR-LAST-EXTERNAL
2022-04-12 19:55:00,87.080001,87.209999,87.0,87.129997,478138.0,XBI.NYSE-1-HOUR-LAST-EXTERNAL
2022-04-13 13:55:00,88.769996,89.069999,88.43,88.959999,189451.0,XBI.NYSE-1-HOUR-LAST-EXTERNAL
2022-04-13 14:55:00,88.959999,88.959999,88.669998,88.669998,63076.0,XBI.NYSE-1-HOUR-LAST-EXTERNAL
2022-04-13 15:55:00,89.330001,89.559997,89.330001,89.559997,72004.0,XBI.NYSE-1-HOUR-LAST-EXTERNAL
2022-04-13 16:55:00,90.010002,90.089996,89.907501,90.069999,184934.0,XBI.NYSE-1-HOUR-LAST-EXTERNAL
2022-04-13 17:55:00,89.754997,89.959999,89.739997,89.934997,89606.0,XBI.NYSE-1-HOUR-LAST-EXTERNAL
2022-04-13 18:55:00,90.54,90.580001,90.459999,90.574996,70428.0,XBI.NYSE-1-HOUR-LAST-EXTERNAL
2022-04-13 19:55:00,90.61,90.639999,90.309997,90.36,773275.0,XBI.NYSE-1-HOUR-LAST-EXTERNAL
2022-04-14 13:55:00,89.04,89.220001,88.93,89.160003,130501.0,XBI.NYSE-1-HOUR-LAST-EXTERNAL
2022-04-14 14:55:00,88.449996,88.5,88.330001,88.36,78246.0,XBI.NYSE-1-HOUR-LAST-EXTERNAL
2022-04-14 15:55:00,87.830001,87.949996,87.779998,87.800003,75471.0,XBI.NYSE-1-HOUR-LAST-EXTERNAL
2022-04-14 16:55:00,87.819999,88.239997,87.819999,88.150001,128196.0,XBI.NYSE-1-HOUR-LAST-EXTERNAL
2022-04-14 17:55:00,88.419998,88.54,88.319999,88.510002,47552.0,XBI.NYSE-1-HOUR-LAST-EXTERNAL
2022-04-14 18:55:00,87.949996,87.959999,87.845001,87.919998,83755.0,XBI.NYSE-1-HOUR-LAST-EXTERNAL
2022-04-14 19:55:00,87.690002,87.769996,87.580001,87.739997,894249.0,XBI.NYSE-1-HOUR-LAST-EXTERNAL
2022-04-18 13:55:00,85.099998,85.25,84.889999,85.169998,274944.0,XBI.NYSE-1-HOUR-LAST-EXTERNAL
2022-04-18 14:55:00,84.849998,85.11,84.769996,85.059997,144847.0,XBI.NYSE-1-HOUR-LAST-EXTERNAL
2022-04-18 15:55:00,84.209999,84.510002,84.199996,84.449996,157092.0,XBI.NYSE-1-HOUR-LAST-EXTERNAL
2022-04-18 16:55:00,84.154998,84.254997,84.11,84.235,228358.0,XBI.NYSE-1-HOUR-LAST-EXTERNAL
2022-04-18 17:55:00,84.989997,85.11,84.889999,84.959999,262750.0,XBI.NYSE-1-HOUR-LAST-EXTERNAL
2022-04-18 18:55:00,84.370002,84.389999,84.150001,84.160003,165625.0,XBI.NYSE-1-HOUR-LAST-EXTERNAL
2022-04-18 19:55:00,83.400001,83.669998,83.394996,83.669998,1006268.0,XBI.NYSE-1-HOUR-LAST-EXTERNAL
2022-04-19 13:55:00,83.780097,84.169998,83.779998,84.160003,258156.0,XBI.NYSE-1-HOUR-LAST-EXTERNAL
2022-04-19 14:55:00,85.235,85.269996,85.11,85.220001,136793.0,XBI.NYSE-1-HOUR-LAST-EXTERNAL
2022-04-19 15:55:00,85.699996,85.809997,85.650001,85.809997,199067.0,XBI.NYSE-1-HOUR-LAST-EXTERNAL
2022-04-19 16:55:00,85.309997,85.318099,85.184997,85.25,102722.0,XBI.NYSE-1-HOUR-LAST-EXTERNAL
2022-04-19 17:55:00,84.989997,84.989997,84.919998,84.949996,33500.0,XBI.NYSE-1-HOUR-LAST-EXTERNAL
2022-04-19 18:55:00,84.129997,84.190002,83.943801,83.987297,249685.0,XBI.NYSE-1-HOUR-LAST-EXTERNAL
2022-04-19 19:55:00,84.79,84.79,84.550003,84.620002,413816.0,XBI.NYSE-1-HOUR-LAST-EXTERNAL
2022-04-20 13:55:00,83.160003,83.419998,83.129997,83.36,225836.0,XBI.NYSE-1-HOUR-LAST-EXTERNAL
2022-04-20 14:55:00,84.730003,85.010002,84.669998,84.989997,131076.0,XBI.NYSE-1-HOUR-LAST-EXTERNAL
2022-04-20 15:55:00,84.830001,84.940002,84.794998,84.910003,87040.0,XBI.NYSE-1-HOUR-LAST-EXTERNAL
2022-04-20 16:55:00,85.269996,85.339996,85.190002,85.239997,75346.0,XBI.NYSE-1-HOUR-LAST-EXTERNAL
2022-04-20 17:55:00,85.260002,85.305,85.190002,85.25,52117.0,XBI.NYSE-1-HOUR-LAST-EXTERNAL
2022-04-20 18:55:00,84.86,84.989997,84.760101,84.970001,75295.0,XBI.NYSE-1-HOUR-LAST-EXTERNAL
2022-04-20 19:55:00,84.769996,84.819999,84.68,84.79,392875.0,XBI.NYSE-1-HOUR-LAST-EXTERNAL
2022-04-21 13:55:00,84.18,84.43,84.0,84.010002,139280.0,XBI.NYSE-1-HOUR-LAST-EXTERNAL
2022-04-21 14:55:00,82.760002,82.849998,82.620002,82.849998,578186.0,XBI.NYSE-1-HOUR-LAST-EXTERNAL
2022-04-21 15:55:00,82.370002,82.370002,82.050003,82.089996,151733.0,XBI.NYSE-1-HOUR-LAST-EXTERNAL
2022-04-21 16:55:00,81.537498,81.760002,81.503601,81.709999,193196.0,XBI.NYSE-1-HOUR-LAST-EXTERNAL
2022-04-21 17:55:00,81.940002,81.970001,81.828399,81.875,97865.0,XBI.NYSE-1-HOUR-LAST-EXTERNAL
2022-04-21 18:55:00,81.5,81.550003,81.364997,81.449996,121944.0,XBI.NYSE-1-HOUR-LAST-EXTERNAL
2022-04-21 19:55:00,81.419998,81.43,81.105003,81.139999,1029406.0,XBI.NYSE-1-HOUR-LAST-EXTERNAL
2022-04-22 13:55:00,81.309997,81.339996,80.970001,81.074996,200778.0,XBI.NYSE-1-HOUR-LAST-EXTERNAL
2022-04-22 14:55:00,80.089996,80.315002,80.069999,80.269996,113782.0,XBI.NYSE-1-HOUR-LAST-EXTERNAL
2022-04-22 15:55:00,80.019996,80.099998,79.990196,80.0,63225.0,XBI.NYSE-1-HOUR-LAST-EXTERNAL
2022-04-22 16:55:00,80.069999,80.18,79.9916,80.029998,77301.0,XBI.NYSE-1-HOUR-LAST-EXTERNAL
2022-04-22 17:55:00,79.925003,80.059997,79.879997,79.930297,96989.0,XBI.NYSE-1-HOUR-LAST-EXTERNAL
2022-04-22 18:55:00,80.059997,80.089996,79.955001,80.059997,58610.0,XBI.NYSE-1-HOUR-LAST-EXTERNAL
2022-04-22 19:55:00,79.93,79.949996,79.699996,79.800003,1135796.0,XBI.NYSE-1-HOUR-LAST-EXTERNAL
2022-04-25 13:55:00,79.839996,80.059997,79.650001,79.769996,149432.0,XBI.NYSE-1-HOUR-LAST-EXTERNAL
2022-04-25 14:55:00,80.440002,80.510002,80.279998,80.319999,164012.0,XBI.NYSE-1-HOUR-LAST-EXTERNAL
2022-04-25 15:55:00,80.029998,80.18,79.959999,80.150001,57731.0,XBI.NYSE-1-HOUR-LAST-EXTERNAL
2022-04-25 16:55:00,81.059997,81.089996,80.870002,80.870002,139550.0,XBI.NYSE-1-HOUR-LAST-EXTERNAL
2022-04-25 17:55:00,81.330001,81.339996,81.010002,81.080001,55252.0,XBI.NYSE-1-HOUR-LAST-EXTERNAL
2022-04-25 18:55:00,81.709999,81.709999,81.199996,81.199996,125452.0,XBI.NYSE-1-HOUR-LAST-EXTERNAL
2022-04-25 19:55:00,81.550003,81.599998,81.355003,81.569999,473618.0,XBI.NYSE-1-HOUR-LAST-EXTERNAL
2022-04-26 13:55:00,80.25,80.36,79.819999,79.839996,301875.0,XBI.NYSE-1-HOUR-LAST-EXTERNAL
2022-04-26 14:55:00,79.0,79.059997,78.819999,78.879997,120353.0,XBI.NYSE-1-HOUR-LAST-EXTERNAL
2022-04-26 15:55:00,78.010002,78.010002,77.720001,77.839996,247721.0,XBI.NYSE-1-HOUR-LAST-EXTERNAL
2022-04-26 16:55:00,78.135002,78.449996,78.080001,78.370002,178006.0,XBI.NYSE-1-HOUR-LAST-EXTERNAL
2022-04-26 17:55:00,77.599998,77.68,77.559997,77.68,94667.0,XBI.NYSE-1-HOUR-LAST-EXTERNAL
2022-04-26 18:55:00,77.650001,77.870002,77.625,77.855003,190755.0,XBI.NYSE-1-HOUR-LAST-EXTERNAL
2022-04-26 19:55:00,76.769996,76.940002,76.61,76.620002,893474.0,XBI.NYSE-1-HOUR-LAST-EXTERNAL
2022-04-27 13:55:00,77.394996,77.815002,77.330001,77.720001,466089.0,XBI.NYSE-1-HOUR-LAST-EXTERNAL
2022-04-27 14:55:00,76.970001,77.129997,76.870002,76.940002,105265.0,XBI.NYSE-1-HOUR-LAST-EXTERNAL
2022-04-27 15:55:00,75.889999,76.065002,75.779998,76.059997,138274.0,XBI.NYSE-1-HOUR-LAST-EXTERNAL
2022-04-27 16:55:00,76.690002,76.800003,76.660003,76.730003,62543.0,XBI.NYSE-1-HOUR-LAST-EXTERNAL
2022-04-27 17:55:00,76.629997,76.819999,76.529998,76.819999,84598.0,XBI.NYSE-1-HOUR-LAST-EXTERNAL
2022-04-27 18:55:00,77.129997,77.129997,76.749496,76.79,248935.0,XBI.NYSE-1-HOUR-LAST-EXTERNAL
2022-04-27 19:55:00,75.940002,76.089996,75.875,75.970001,465665.0,XBI.NYSE-1-HOUR-LAST-EXTERNAL
2022-04-28 13:55:00,75.260002,75.36,74.9701,75.050003,275899.0,XBI.NYSE-1-HOUR-LAST-EXTERNAL
2022-04-28 14:55:00,73.669998,74.089996,73.6483,74.069999,506288.0,XBI.NYSE-1-HOUR-LAST-EXTERNAL
2022-04-28 15:55:00,72.870002,72.879997,72.639999,72.815002,116303.0,XBI.NYSE-1-HOUR-LAST-EXTERNAL
2022-04-28 16:55:00,75.080001,75.169998,74.919998,75.154998,210851.0,XBI.NYSE-1-HOUR-LAST-EXTERNAL
2022-04-28 17:55:00,76.139999,76.319999,76.050003,76.18,159115.0,XBI.NYSE-1-HOUR-LAST-EXTERNAL
2022-04-28 18:55:00,76.43,76.580001,76.349998,76.559997,144168.0,XBI.NYSE-1-HOUR-LAST-EXTERNAL
2022-04-28 19:55:00,76.209999,76.230003,76.04,76.214996,536330.0,XBI.NYSE-1-HOUR-LAST-EXTERNAL
2022-04-29 13:55:00,76.86,77.760002,76.86,77.639999,345381.0,XBI.NYSE-1-HOUR-LAST-EXTERNAL
2022-04-29 14:55:00,75.989997,76.230003,75.964996,76.230003,113564.0,XBI.NYSE-1-HOUR-LAST-EXTERNAL
2022-04-29 15:55:00,76.410003,76.43,76.129997,76.129997,67562.0,XBI.NYSE-1-HOUR-LAST-EXTERNAL
2022-04-29 16:55:00,75.279998,75.389999,75.239997,75.36,72554.0,XBI.NYSE-1-HOUR-LAST-EXTERNAL
2022-04-29 17:55:00,75.010002,75.050003,74.885002,74.980003,121938.0,XBI.NYSE-1-HOUR-LAST-EXTERNAL
2022-04-29 18:55:00,74.440002,74.599998,74.400001,74.559997,148023.0,XBI.NYSE-1-HOUR-LAST-EXTERNAL
2022-04-29 19:55:00,73.730003,73.839996,73.639999,73.815002,737583.0,XBI.NYSE-1-HOUR-LAST-EXTERNAL
2022-05-02 13:55:00,75.449996,75.870002,75.139999,75.639999,216844.0,XBI.NYSE-1-HOUR-LAST-EXTERNAL
2022-05-02 14:55:00,75.940002,76.120002,75.580001,75.720001,175405.0,XBI.NYSE-1-HOUR-LAST-EXTERNAL
2022-05-02 15:55:00,75.309997,75.709999,75.25,75.639999,153799.0,XBI.NYSE-1-HOUR-LAST-EXTERNAL
2022-05-02 16:55:00,74.589996,74.720001,74.43,74.54,128431.0,XBI.NYSE-1-HOUR-LAST-EXTERNAL
2022-05-02 17:55:00,73.669998,73.940002,73.639999,73.93,68665.0,XBI.NYSE-1-HOUR-LAST-EXTERNAL
2022-05-02 18:55:00,74.529998,74.580001,74.160003,74.279998,128405.0,XBI.NYSE-1-HOUR-LAST-EXTERNAL
2022-05-02 19:55:00,76.629997,76.949996,76.580001,76.879997,1365119.0,XBI.NYSE-1-HOUR-LAST-EXTERNAL
2022-05-03 13:55:00,77.0,77.400001,76.720001,77.389999,167940.0,XBI.NYSE-1-HOUR-LAST-EXTERNAL
2022-05-03 14:55:00,76.11,76.569999,76.089996,76.489501,113410.0,XBI.NYSE-1-HOUR-LAST-EXTERNAL
2022-05-03 15:55:00,77.139999,77.209999,76.970001,77.080001,64709.0,XBI.NYSE-1-HOUR-LAST-EXTERNAL
2022-05-03 16:55:00,76.474998,76.474998,76.25,76.309997,141299.0,XBI.NYSE-1-HOUR-LAST-EXTERNAL
2022-05-03 17:55:00,77.25,77.339996,77.139999,77.190002,55859.0,XBI.NYSE-1-HOUR-LAST-EXTERNAL
2022-05-03 18:55:00,76.629997,77.0,76.550003,76.944999,100027.0,XBI.NYSE-1-HOUR-LAST-EXTERNAL
2022-05-03 19:55:00,76.809997,76.889999,76.75,76.769996,260815.0,XBI.NYSE-1-HOUR-LAST-EXTERNAL
2022-05-04 13:55:00,74.669998,74.720001,74.190002,74.260002,301985.0,XBI.NYSE-1-HOUR-LAST-EXTERNAL
2022-05-04 14:55:00,73.839996,74.029998,73.830001,74.0,104221.0,XBI.NYSE-1-HOUR-LAST-EXTERNAL
2022-05-04 15:55:00,74.61,74.68,74.459999,74.580001,91275.0,XBI.NYSE-1-HOUR-LAST-EXTERNAL
2022-05-04 16:55:00,75.089996,75.199996,74.910003,75.199996,113732.0,XBI.NYSE-1-HOUR-LAST-EXTERNAL
2022-05-04 17:55:00,75.019996,75.660003,75.019996,75.620002,187547.0,XBI.NYSE-1-HOUR-LAST-EXTERNAL
2022-05-04 18:55:00,77.389999,77.569999,77.129997,77.309997,448518.0,XBI.NYSE-1-HOUR-LAST-EXTERNAL
2022-05-04 19:55:00,78.650001,78.690002,78.459999,78.580001,918202.0,XBI.NYSE-1-HOUR-LAST-EXTERNAL
2022-05-05 13:55:00,77.809997,77.86,77.339996,77.449996,381246.0,XBI.NYSE-1-HOUR-LAST-EXTERNAL
2022-05-05 14:55:00,76.160003,76.389999,75.960296,76.169998,377505.0,XBI.NYSE-1-HOUR-LAST-EXTERNAL
2022-05-05 15:55:00,74.434997,74.54,74.355003,74.419998,129863.0,XBI.NYSE-1-HOUR-LAST-EXTERNAL
2022-05-05 16:55:00,74.470001,74.669998,74.389999,74.620002,199586.0,XBI.NYSE-1-HOUR-LAST-EXTERNAL
2022-05-05 17:55:00,74.029998,74.169998,73.879997,73.940002,134713.0,XBI.NYSE-1-HOUR-LAST-EXTERNAL
2022-05-05 18:55:00,73.419998,73.449996,73.300003,73.330001,180379.0,XBI.NYSE-1-HOUR-LAST-EXTERNAL
2022-05-05 19:55:00,73.769996,73.919998,73.61,73.86,879290.0,XBI.NYSE-1-HOUR-LAST-EXTERNAL
2022-05-06 13:55:00,70.620002,70.690002,70.120002,70.480003,503505.0,XBI.NYSE-1-HOUR-LAST-EXTERNAL
2022-05-06 14:55:00,71.800003,72.050003,71.529998,71.769996,262884.0,XBI.NYSE-1-HOUR-LAST-EXTERNAL
2022-05-06 15:55:00,70.639999,70.700103,70.404998,70.419998,79292.0,XBI.NYSE-1-HOUR-LAST-EXTERNAL
2022-05-06 16:55:00,71.279998,71.709999,71.239898,71.599998,170792.0,XBI.NYSE-1-HOUR-LAST-EXTERNAL
2022-05-06 17:55:00,70.385002,70.470001,70.220001,70.25,205474.0,XBI.NYSE-1-HOUR-LAST-EXTERNAL
2022-05-06 18:55:00,70.330001,70.389999,70.010002,70.010002,206534.0,XBI.NYSE-1-HOUR-LAST-EXTERNAL
2022-05-06 19:55:00,70.120002,70.164199,69.989997,70.139999,794648.0,XBI.NYSE-1-HOUR-LAST-EXTERNAL
2022-05-09 13:55:00,68.334999,68.410003,67.839996,68.059997,559644.0,XBI.NYSE-1-HOUR-LAST-EXTERNAL
2022-05-09 14:55:00,66.519996,66.900001,66.459999,66.699996,249536.0,XBI.NYSE-1-HOUR-LAST-EXTERNAL
2022-05-09 15:55:00,66.529998,66.779998,66.389999,66.489997,251012.0,XBI.NYSE-1-HOUR-LAST-EXTERNAL
2022-05-09 16:55:00,65.739997,65.809997,65.629997,65.709999,126411.0,XBI.NYSE-1-HOUR-LAST-EXTERNAL
2022-05-09 17:55:00,64.669998,64.995002,64.650001,64.720001,481318.0,XBI.NYSE-1-HOUR-LAST-EXTERNAL
2022-05-09 18:55:00,64.529998,64.819999,64.480003,64.769996,455830.0,XBI.NYSE-1-HOUR-LAST-EXTERNAL
2022-05-09 19:55:00,64.150001,64.400001,64.139999,64.330001,1220057.0,XBI.NYSE-1-HOUR-LAST-EXTERNAL
2022-05-10 13:55:00,67.779998,68.300003,67.650001,68.0,579499.0,XBI.NYSE-1-HOUR-LAST-EXTERNAL
2022-05-10 14:55:00,66.720001,66.720001,66.199996,66.339996,182494.0,XBI.NYSE-1-HOUR-LAST-EXTERNAL
2022-05-10 15:55:00,66.339996,66.54,65.970001,66.419998,214352.0,XBI.NYSE-1-HOUR-LAST-EXTERNAL
2022-05-10 16:55:00,66.650001,66.889999,66.620002,66.669998,137529.0,XBI.NYSE-1-HOUR-LAST-EXTERNAL
2022-05-10 17:55:00,68.650001,68.970001,68.440002,68.959999,416160.0,XBI.NYSE-1-HOUR-LAST-EXTERNAL
2022-05-10 18:55:00,68.639999,68.720001,68.18,68.620002,282561.0,XBI.NYSE-1-HOUR-LAST-EXTERNAL
2022-05-10 19:55:00,67.839996,67.86,67.569999,67.599998,782929.0,XBI.NYSE-1-HOUR-LAST-EXTERNAL
2022-05-11 13:55:00,67.089996,67.190002,66.417297,67.04,576625.0,XBI.NYSE-1-HOUR-LAST-EXTERNAL
2022-05-11 14:55:00,66.379997,66.440002,66.160003,66.379997,260183.0,XBI.NYSE-1-HOUR-LAST-EXTERNAL
2022-05-11 15:55:00,66.470001,66.5,66.18,66.330001,161568.0,XBI.NYSE-1-HOUR-LAST-EXTERNAL
2022-05-11 16:55:00,64.93,65.0,64.574996,64.639999,513802.0,XBI.NYSE-1-HOUR-LAST-EXTERNAL
2022-05-11 17:55:00,63.59,63.7,63.04,63.139999,366021.0,XBI.NYSE-1-HOUR-LAST-EXTERNAL
2022-05-11 18:55:00,63.380001,63.439998,63.168701,63.279998,179919.0,XBI.NYSE-1-HOUR-LAST-EXTERNAL
2022-05-11 19:55:00,62.830001,62.84,62.674999,62.77,1281305.0,XBI.NYSE-1-HOUR-LAST-EXTERNAL
2022-05-12 13:55:00,64.730003,64.730003,63.299999,63.720001,655590.0,XBI.NYSE-1-HOUR-LAST-EXTERNAL
2022-05-12 14:55:00,65.839996,65.940002,65.379997,65.650001,627948.0,XBI.NYSE-1-HOUR-LAST-EXTERNAL
2022-05-12 15:55:00,64.279998,64.410003,64.169998,64.190002,208379.0,XBI.NYSE-1-HOUR-LAST-EXTERNAL
2022-05-12 16:55:00,64.449996,64.599998,64.150001,64.319999,93783.0,XBI.NYSE-1-HOUR-LAST-EXTERNAL
2022-05-12 17:55:00,63.25,63.45,63.080001,63.409999,139113.0,XBI.NYSE-1-HOUR-LAST-EXTERNAL
2022-05-12 18:55:00,63.45,63.525001,63.279998,63.400001,179938.0,XBI.NYSE-1-HOUR-LAST-EXTERNAL
2022-05-12 19:55:00,64.599998,65.029998,64.470001,64.940002,999472.0,XBI.NYSE-1-HOUR-LAST-EXTERNAL
2022-05-13 13:55:00,67.43,67.54,67.089996,67.190002,259555.0,XBI.NYSE-1-HOUR-LAST-EXTERNAL
2022-05-13 14:55:00,68.150001,68.260002,67.949996,68.010002,153382.0,XBI.NYSE-1-HOUR-LAST-EXTERNAL
2022-05-13 15:55:00,68.480003,68.699996,68.440002,68.690002,127221.0,XBI.NYSE-1-HOUR-LAST-EXTERNAL
2022-05-13 16:55:00,68.760002,69.0,68.75,68.980003,132947.0,XBI.NYSE-1-HOUR-LAST-EXTERNAL
2022-05-13 17:55:00,68.510002,68.510002,68.190002,68.199996,275590.0,XBI.NYSE-1-HOUR-LAST-EXTERNAL
2022-05-13 18:55:00,68.449996,68.565002,68.36,68.480003,125632.0,XBI.NYSE-1-HOUR-LAST-EXTERNAL
2022-05-13 19:55:00,68.529998,68.669898,68.415,68.620002,842929.0,XBI.NYSE-1-HOUR-LAST-EXTERNAL
2022-05-16 13:55:00,68.239997,68.620002,68.160003,68.489997,193037.0,XBI.NYSE-1-HOUR-LAST-EXTERNAL
2022-05-16 14:55:00,69.246696,69.389999,69.080001,69.082901,178571.0,XBI.NYSE-1-HOUR-LAST-EXTERNAL
2022-05-16 15:55:00,70.139999,70.190002,70.010002,70.150001,111078.0,XBI.NYSE-1-HOUR-LAST-EXTERNAL
2022-05-16 16:55:00,68.699996,68.79,68.620002,68.79,91054.0,XBI.NYSE-1-HOUR-LAST-EXTERNAL
2022-05-16 17:55:00,69.239997,69.279998,69.080001,69.169998,82657.0,XBI.NYSE-1-HOUR-LAST-EXTERNAL
2022-05-16 18:55:00,69.279998,69.43,69.239997,69.334999,65731.0,XBI.NYSE-1-HOUR-LAST-EXTERNAL
2022-05-16 19:55:00,68.699996,68.745002,68.379997,68.470001,347772.0,XBI.NYSE-1-HOUR-LAST-EXTERNAL
2022-05-17 13:55:00,70.139999,70.269996,69.879997,69.989997,358896.0,XBI.NYSE-1-HOUR-LAST-EXTERNAL
2022-05-17 14:55:00,69.61,69.779998,69.555,69.669998,132587.0,XBI.NYSE-1-HOUR-LAST-EXTERNAL
2022-05-17 15:55:00,70.86,70.891197,70.75,70.760002,190943.0,XBI.NYSE-1-HOUR-LAST-EXTERNAL
2022-05-17 16:55:00,70.980003,70.980003,70.660003,70.780097,227215.0,XBI.NYSE-1-HOUR-LAST-EXTERNAL
2022-05-17 17:55:00,71.150001,71.18,71.019996,71.059997,89593.0,XBI.NYSE-1-HOUR-LAST-EXTERNAL
2022-05-17 18:55:00,71.019996,71.050102,70.86,70.900001,86913.0,XBI.NYSE-1-HOUR-LAST-EXTERNAL
2022-05-17 19:55:00,71.440002,71.510002,71.339996,71.480003,664459.0,XBI.NYSE-1-HOUR-LAST-EXTERNAL
2022-05-18 13:55:00,69.440002,69.550003,69.154998,69.315002,340822.0,XBI.NYSE-1-HOUR-LAST-EXTERNAL
2022-05-18 14:55:00,70.010002,70.190002,69.900001,70.190002,98042.0,XBI.NYSE-1-HOUR-LAST-EXTERNAL
2022-05-18 15:55:00,68.849998,69.019996,68.819999,68.826599,49705.0,XBI.NYSE-1-HOUR-LAST-EXTERNAL
2022-05-18 16:55:00,68.919998,69.078399,68.870002,69.0,63475.0,XBI.NYSE-1-HOUR-LAST-EXTERNAL
2022-05-18 17:55:00,67.730003,67.739997,67.569999,67.730003,230948.0,XBI.NYSE-1-HOUR-LAST-EXTERNAL
2022-05-18 18:55:00,67.400001,67.510002,67.269996,67.36,106360.0,XBI.NYSE-1-HOUR-LAST-EXTERNAL
2022-05-18 19:55:00,67.629997,67.959999,67.589996,67.900001,750548.0,XBI.NYSE-1-HOUR-LAST-EXTERNAL
2022-05-19 13:55:00,67.819999,68.129997,67.449996,67.61,510985.0,XBI.NYSE-1-HOUR-LAST-EXTERNAL
2022-05-19 14:55:00,69.059997,69.36,69.014999,69.330001,272351.0,XBI.NYSE-1-HOUR-LAST-EXTERNAL
2022-05-19 15:55:00,69.529998,69.54,69.370002,69.480003,99701.0,XBI.NYSE-1-HOUR-LAST-EXTERNAL
2022-05-19 16:55:00,68.620002,68.989997,68.519996,68.870002,56497.0,XBI.NYSE-1-HOUR-LAST-EXTERNAL
2022-05-19 17:55:00,69.529998,70.0,69.529998,69.824996,187532.0,XBI.NYSE-1-HOUR-LAST-EXTERNAL
2022-05-19 18:55:00,69.940002,70.04,69.730003,69.970001,236446.0,XBI.NYSE-1-HOUR-LAST-EXTERNAL
2022-05-19 19:55:00,69.220001,69.440002,69.199996,69.400001,481014.0,XBI.NYSE-1-HOUR-LAST-EXTERNAL
2022-05-20 13:55:00,70.190002,70.720001,70.129997,70.5,233898.0,XBI.NYSE-1-HOUR-LAST-EXTERNAL
2022-05-20 14:55:00,69.529998,69.620002,69.120002,69.199996,138672.0,XBI.NYSE-1-HOUR-LAST-EXTERNAL
2022-05-20 15:55:00,68.959999,69.080001,68.889999,68.900001,46440.0,XBI.NYSE-1-HOUR-LAST-EXTERNAL
2022-05-20 16:55:00,67.849998,68.059997,67.830001,67.900001,233169.0,XBI.NYSE-1-HOUR-LAST-EXTERNAL
2022-05-20 17:55:00,68.010002,68.139999,67.9216,68.025001,93693.0,XBI.NYSE-1-HOUR-LAST-EXTERNAL
2022-05-20 18:55:00,68.699996,68.699996,68.559997,68.559997,93324.0,XBI.NYSE-1-HOUR-LAST-EXTERNAL
2022-05-20 19:55:00,70.169998,70.449996,70.029998,70.410003,619900.0,XBI.NYSE-1-HOUR-LAST-EXTERNAL
2022-05-23 13:55:00,71.309997,71.36,70.660003,70.699996,345489.0,XBI.NYSE-1-HOUR-LAST-EXTERNAL
2022-05-23 14:55:00,70.160003,70.309997,70.04,70.089996,69959.0,XBI.NYSE-1-HOUR-LAST-EXTERNAL
2022-05-23 15:55:00,70.629997,70.660003,70.389999,70.449996,70905.0,XBI.NYSE-1-HOUR-LAST-EXTERNAL
2022-05-23 16:55:00,70.279998,70.339996,70.209999,70.330001,61422.0,XBI.NYSE-1-HOUR-LAST-EXTERNAL
2022-05-23 17:55:00,70.660003,70.79,70.599998,70.690002,89529.0,XBI.NYSE-1-HOUR-LAST-EXTERNAL
2022-05-23 18:55:00,70.489997,70.529998,70.389999,70.459999,55864.0,XBI.NYSE-1-HOUR-LAST-EXTERNAL
2022-05-23 19:55:00,69.849998,70.150001,69.769996,70.120002,581793.0,XBI.NYSE-1-HOUR-LAST-EXTERNAL
2022-05-24 13:55:00,67.819999,67.870002,67.5,67.574996,142960.0,XBI.NYSE-1-HOUR-LAST-EXTERNAL
2022-05-24 14:55:00,67.889999,67.900001,67.650001,67.739997,125277.0,XBI.NYSE-1-HOUR-LAST-EXTERNAL
2022-05-24 15:55:00,68.339996,68.470001,68.25,68.25,80005.0,XBI.NYSE-1-HOUR-LAST-EXTERNAL
2022-05-24 16:55:00,67.900001,68.160003,67.879997,68.019996,84858.0,XBI.NYSE-1-HOUR-LAST-EXTERNAL
2022-05-24 17:55:00,68.0316,68.139999,67.949996,68.019996,57435.0,XBI.NYSE-1-HOUR-LAST-EXTERNAL
2022-05-24 18:55:00,67.269996,67.389999,67.175003,67.309997,124656.0,XBI.NYSE-1-HOUR-LAST-EXTERNAL
2022-05-24 19:55:00,67.209999,67.480003,67.160003,67.470001,559824.0,XBI.NYSE-1-HOUR-LAST-EXTERNAL
2022-05-25 13:55:00,67.699996,67.839996,67.569999,67.830001,137123.0,XBI.NYSE-1-HOUR-LAST-EXTERNAL
2022-05-25 14:55:00,67.36,67.580001,67.339996,67.550003,103465.0,XBI.NYSE-1-HOUR-LAST-EXTERNAL
2022-05-25 15:55:00,66.43,66.559997,66.419998,66.449996,116600.0,XBI.NYSE-1-HOUR-LAST-EXTERNAL
2022-05-25 16:55:00,66.5,66.779998,66.489997,66.739997,51715.0,XBI.NYSE-1-HOUR-LAST-EXTERNAL
2022-05-25 17:55:00,66.980003,67.04,66.944999,66.970001,27823.0,XBI.NYSE-1-HOUR-LAST-EXTERNAL
2022-05-25 18:55:00,67.410003,67.470001,67.319999,67.404998,88838.0,XBI.NYSE-1-HOUR-LAST-EXTERNAL
2022-05-25 19:55:00,67.559997,67.75,67.550003,67.690002,395656.0,XBI.NYSE-1-HOUR-LAST-EXTERNAL
2022-05-26 13:55:00,68.440002,68.894996,68.300003,68.739997,414278.0,XBI.NYSE-1-HOUR-LAST-EXTERNAL
2022-05-26 14:55:00,69.150001,69.220001,69.099998,69.199996,78191.0,XBI.NYSE-1-HOUR-LAST-EXTERNAL
2022-05-26 15:55:00,68.900001,68.949996,68.79,68.819999,96451.0,XBI.NYSE-1-HOUR-LAST-EXTERNAL
2022-05-26 16:55:00,68.900001,69.089996,68.889999,69.084999,149855.0,XBI.NYSE-1-HOUR-LAST-EXTERNAL
2022-05-26 17:55:00,68.870002,68.989997,68.839996,68.93,69904.0,XBI.NYSE-1-HOUR-LAST-EXTERNAL
2022-05-26 18:55:00,69.089996,69.129997,69.050003,69.11,58679.0,XBI.NYSE-1-HOUR-LAST-EXTERNAL
2022-05-26 19:55:00,68.690002,68.709999,68.449996,68.470001,487723.0,XBI.NYSE-1-HOUR-LAST-EXTERNAL
2022-05-27 13:55:00,67.760002,68.150001,67.699996,68.0,675928.0,XBI.NYSE-1-HOUR-LAST-EXTERNAL
2022-05-27 14:55:00,70.04,70.169998,69.709999,70.160003,182634.0,XBI.NYSE-1-HOUR-LAST-EXTERNAL
2022-05-27 15:55:00,69.889999,70.106201,69.875,70.050003,61729.0,XBI.NYSE-1-HOUR-LAST-EXTERNAL
2022-05-27 16:55:00,69.879997,70.010002,69.879997,69.949996,10086591.0,XBI.NYSE-1-HOUR-LAST-EXTERNAL
2022-05-27 17:55:00,70.459999,70.480003,70.379997,70.459999,42812.0,XBI.NYSE-1-HOUR-LAST-EXTERNAL
2022-05-27 18:55:00,70.830001,70.915,70.830001,70.879997,149599.0,XBI.NYSE-1-HOUR-LAST-EXTERNAL
2022-05-27 19:55:00,70.959999,71.11,70.955001,71.089996,429312.0,XBI.NYSE-1-HOUR-LAST-EXTERNAL
2022-05-31 13:55:00,69.639999,70.04,69.635002,69.720001,174353.0,XBI.NYSE-1-HOUR-LAST-EXTERNAL
2022-05-31 14:55:00,69.79,70.019996,69.739997,69.940002,56346.0,XBI.NYSE-1-HOUR-LAST-EXTERNAL
2022-05-31 15:55:00,70.010002,70.069999,69.86,69.9514,43496.0,XBI.NYSE-1-HOUR-LAST-EXTERNAL
2022-05-31 16:55:00,69.980003,70.025001,69.849998,69.870002,49213.0,XBI.NYSE-1-HOUR-LAST-EXTERNAL
2022-05-31 17:55:00,69.089996,69.36,69.025001,69.315002,95033.0,XBI.NYSE-1-HOUR-LAST-EXTERNAL
2022-05-31 18:55:00,67.940002,68.120002,67.86,68.080001,190610.0,XBI.NYSE-1-HOUR-LAST-EXTERNAL
2022-05-31 19:55:00,69.044998,69.080001,68.779998,68.800003,576903.0,XBI.NYSE-1-HOUR-LAST-EXTERNAL
2022-06-01 13:55:00,69.010002,69.220001,68.970001,69.160003,123944.0,XBI.NYSE-1-HOUR-LAST-EXTERNAL
2022-06-01 14:55:00,68.339996,68.400001,68.04,68.069999,101507.0,XBI.NYSE-1-HOUR-LAST-EXTERNAL
2022-06-01 15:55:00,66.900001,66.959999,66.650001,66.730003,127808.0,XBI.NYSE-1-HOUR-LAST-EXTERNAL
2022-06-01 16:55:00,66.660003,66.760002,66.595001,66.669998,109991.0,XBI.NYSE-1-HOUR-LAST-EXTERNAL
2022-06-01 17:55:00,67.239997,67.440002,67.230003,67.279998,85182.0,XBI.NYSE-1-HOUR-LAST-EXTERNAL
2022-06-01 18:55:00,67.830001,68.025001,67.785003,67.974998,98943.0,XBI.NYSE-1-HOUR-LAST-EXTERNAL
2022-06-01 19:55:00,67.769996,67.79,67.480003,67.54,496763.0,XBI.NYSE-1-HOUR-LAST-EXTERNAL
2022-06-02 13:55:00,66.760002,66.769996,66.410003,66.709999,209094.0,XBI.NYSE-1-HOUR-LAST-EXTERNAL
2022-06-02 14:55:00,67.470001,67.760002,67.43,67.739997,143384.0,XBI.NYSE-1-HOUR-LAST-EXTERNAL
2022-06-02 15:55:00,68.339996,68.339996,68.129997,68.199996,145589.0,XBI.NYSE-1-HOUR-LAST-EXTERNAL
2022-06-02 16:55:00,68.699996,68.699996,68.470001,68.529998,154126.0,XBI.NYSE-1-HOUR-LAST-EXTERNAL
2022-06-02 17:55:00,68.730003,68.885002,68.699996,68.855003,86640.0,XBI.NYSE-1-HOUR-LAST-EXTERNAL
2022-06-02 18:55:00,69.010002,69.029998,68.709999,68.75,159621.0,XBI.NYSE-1-HOUR-LAST-EXTERNAL
2022-06-02 19:55:00,68.720001,68.819999,68.669998,68.730003,347055.0,XBI.NYSE-1-HOUR-LAST-EXTERNAL
2022-06-03 13:55:00,70.61,71.120002,70.54,71.010002,304467.0,XBI.NYSE-1-HOUR-LAST-EXTERNAL
2022-06-03 14:55:00,70.889999,71.019996,70.760002,70.800003,113126.0,XBI.NYSE-1-HOUR-LAST-EXTERNAL
2022-06-03 15:55:00,70.220001,70.319999,70.154998,70.220001,57247.0,XBI.NYSE-1-HOUR-LAST-EXTERNAL
2022-06-03 16:55:00,70.54,70.660003,70.489997,70.599998,101373.0,XBI.NYSE-1-HOUR-LAST-EXTERNAL
2022-06-03 17:55:00,70.760002,70.780097,70.639999,70.684997,10565328.0,XBI.NYSE-1-HOUR-LAST-EXTERNAL
2022-06-03 18:55:00,71.0,71.080001,70.935699,70.985,77743.0,XBI.NYSE-1-HOUR-LAST-EXTERNAL
2022-06-03 19:55:00,71.220001,71.36,71.160003,71.220001,1169408.0,XBI.NYSE-1-HOUR-LAST-EXTERNAL
2022-06-06 13:55:00,70.660003,70.839996,70.440002,70.819999,269687.0,XBI.NYSE-1-HOUR-LAST-EXTERNAL
2022-06-06 14:55:00,70.129997,70.209999,70.010002,70.04,136711.0,XBI.NYSE-1-HOUR-LAST-EXTERNAL
2022-06-06 15:55:00,69.819999,69.870002,69.690002,69.720001,150185.0,XBI.NYSE-1-HOUR-LAST-EXTERNAL
2022-06-06 16:55:00,68.980003,69.080001,68.959999,69.014999,112181.0,XBI.NYSE-1-HOUR-LAST-EXTERNAL
2022-06-06 17:55:00,69.730003,69.809997,69.699996,69.809997,84841.0,XBI.NYSE-1-HOUR-LAST-EXTERNAL
2022-06-06 18:55:00,69.25,69.330001,69.150001,69.160003,92542.0,XBI.NYSE-1-HOUR-LAST-EXTERNAL
2022-06-06 19:55:00,69.11,69.245002,69.099998,69.190002,414833.0,XBI.NYSE-1-HOUR-LAST-EXTERNAL
2022-06-07 13:55:00,70.099998,70.400001,70.089996,70.297203,111672.0,XBI.NYSE-1-HOUR-LAST-EXTERNAL
2022-06-07 14:55:00,71.589996,71.629997,71.330001,71.440002,140493.0,XBI.NYSE-1-HOUR-LAST-EXTERNAL
2022-06-07 15:55:00,71.050003,71.370002,71.04,71.349998,90894.0,XBI.NYSE-1-HOUR-LAST-EXTERNAL
2022-06-07 16:55:00,71.400001,71.410003,71.309997,71.379997,46395.0,XBI.NYSE-1-HOUR-LAST-EXTERNAL
2022-06-07 17:55:00,71.599998,71.660003,71.569999,71.580001,51524.0,XBI.NYSE-1-HOUR-LAST-EXTERNAL
2022-06-07 18:55:00,71.739997,71.870002,71.650001,71.8525,99770.0,XBI.NYSE-1-HOUR-LAST-EXTERNAL
2022-06-07 19:55:00,72.629997,72.690002,72.510002,72.599998,920940.0,XBI.NYSE-1-HOUR-LAST-EXTERNAL
2022-06-08 13:55:00,74.089996,74.319999,74.019996,74.099998,234164.0,XBI.NYSE-1-HOUR-LAST-EXTERNAL
2022-06-08 14:55:00,74.440002,74.449996,74.190002,74.190002,139594.0,XBI.NYSE-1-HOUR-LAST-EXTERNAL
2022-06-08 15:55:00,74.54,74.620002,74.489997,74.510002,71175.0,XBI.NYSE-1-HOUR-LAST-EXTERNAL
2022-06-08 16:55:00,73.339996,73.660003,73.264999,73.639999,95459.0,XBI.NYSE-1-HOUR-LAST-EXTERNAL
2022-06-08 17:55:00,72.959999,73.139999,72.93,73.038398,87937.0,XBI.NYSE-1-HOUR-LAST-EXTERNAL
2022-06-08 18:55:00,72.769996,72.819999,72.699996,72.724998,51395.0,XBI.NYSE-1-HOUR-LAST-EXTERNAL
2022-06-08 19:55:00,73.11,73.239997,73.099998,73.209999,419719.0,XBI.NYSE-1-HOUR-LAST-EXTERNAL
2022-06-09 13:55:00,72.550003,72.650001,72.190101,72.36,145457.0,XBI.NYSE-1-HOUR-LAST-EXTERNAL
2022-06-09 14:55:00,71.660003,71.959999,71.550003,71.879997,51237.0,XBI.NYSE-1-HOUR-LAST-EXTERNAL
2022-06-09 15:55:00,71.720001,71.819999,71.620002,71.730003,31738.0,XBI.NYSE-1-HOUR-LAST-EXTERNAL
2022-06-09 16:55:00,71.449996,71.705001,71.332,71.629997,76876.0,XBI.NYSE-1-HOUR-LAST-EXTERNAL
2022-06-09 17:55:00,71.315002,71.440002,71.279998,71.410003,36656.0,XBI.NYSE-1-HOUR-LAST-EXTERNAL
2022-06-09 18:55:00,71.099998,71.209999,70.980003,70.989997,6689577.0,XBI.NYSE-1-HOUR-LAST-EXTERNAL
2022-06-09 19:55:00,70.43,70.459999,70.230003,70.36,803629.0,XBI.NYSE-1-HOUR-LAST-EXTERNAL
2022-06-10 13:55:00,68.419998,68.629997,68.25,68.447402,171187.0,XBI.NYSE-1-HOUR-LAST-EXTERNAL
2022-06-10 14:55:00,67.300003,67.440002,67.199996,67.260002,151336.0,XBI.NYSE-1-HOUR-LAST-EXTERNAL
2022-06-10 15:55:00,66.959999,67.285003,66.959999,67.169998,169106.0,XBI.NYSE-1-HOUR-LAST-EXTERNAL
2022-06-10 16:55:00,66.760002,66.86,66.669998,66.760002,59234.0,XBI.NYSE-1-HOUR-LAST-EXTERNAL
2022-06-10 17:55:00,66.949996,66.980003,66.690002,66.739997,226718.0,XBI.NYSE-1-HOUR-LAST-EXTERNAL
2022-06-10 18:55:00,67.029998,67.319999,66.93,67.199996,77138.0,XBI.NYSE-1-HOUR-LAST-EXTERNAL
2022-06-10 19:55:00,67.099998,67.194999,67.010002,67.019996,515128.0,XBI.NYSE-1-HOUR-LAST-EXTERNAL
2022-06-13 13:55:00,64.0,64.010002,63.84,63.880001,443185.0,XBI.NYSE-1-HOUR-LAST-EXTERNAL
2022-06-13 14:55:00,62.939998,62.979999,62.819999,62.819999,121588.0,XBI.NYSE-1-HOUR-LAST-EXTERNAL
2022-06-13 15:55:00,63.009998,63.060001,62.965,63.04,153166.0,XBI.NYSE-1-HOUR-LAST-EXTERNAL
2022-06-13 16:55:00,63.419998,63.5,63.279998,63.34,92799.0,XBI.NYSE-1-HOUR-LAST-EXTERNAL
2022-06-13 17:55:00,63.77,63.849998,63.75,63.826,82197.0,XBI.NYSE-1-HOUR-LAST-EXTERNAL
2022-06-13 18:55:00,63.849998,63.849998,63.59,63.59,185773.0,XBI.NYSE-1-HOUR-LAST-EXTERNAL
2022-06-13 19:55:00,63.130001,63.369998,63.104999,63.319999,889710.0,XBI.NYSE-1-HOUR-LAST-EXTERNAL
2022-06-14 13:55:00,62.849998,63.479999,62.849998,63.419998,443798.0,XBI.NYSE-1-HOUR-LAST-EXTERNAL
2022-06-14 14:55:00,62.84,62.93,62.75,62.79,87614.0,XBI.NYSE-1-HOUR-LAST-EXTERNAL
2022-06-14 15:55:00,63.479999,63.549999,63.409999,63.509998,101436.0,XBI.NYSE-1-HOUR-LAST-EXTERNAL
2022-06-14 16:55:00,62.979999,63.159999,62.979999,63.140098,114964.0,XBI.NYSE-1-HOUR-LAST-EXTERNAL
2022-06-14 17:55:00,63.11,63.209999,63.049999,63.11,64772.0,XBI.NYSE-1-HOUR-LAST-EXTERNAL
2022-06-14 18:55:00,62.939998,62.990001,62.880001,62.919998,83917.0,XBI.NYSE-1-HOUR-LAST-EXTERNAL
2022-06-14 19:55:00,63.330001,63.479999,63.240001,63.470001,1021973.0,XBI.NYSE-1-HOUR-LAST-EXTERNAL
2022-06-15 13:55:00,64.339996,64.639999,64.29,64.5,78225.0,XBI.NYSE-1-HOUR-LAST-EXTERNAL
2022-06-15 14:55:00,64.86,65.069999,64.819999,64.971099,78248.0,XBI.NYSE-1-HOUR-LAST-EXTERNAL
2022-06-15 15:55:00,65.059997,65.25,65.050003,65.230003,58769.0,XBI.NYSE-1-HOUR-LAST-EXTERNAL
2022-06-15 16:55:00,64.894996,64.959999,64.79,64.809997,89924.0,XBI.NYSE-1-HOUR-LAST-EXTERNAL
2022-06-15 17:55:00,64.714996,65.315002,64.709999,65.199996,240911.0,XBI.NYSE-1-HOUR-LAST-EXTERNAL
2022-06-15 18:55:00,65.019996,65.260002,64.690002,65.04,210674.0,XBI.NYSE-1-HOUR-LAST-EXTERNAL
2022-06-15 19:55:00,65.650001,65.75,65.599998,65.68,553772.0,XBI.NYSE-1-HOUR-LAST-EXTERNAL
2022-06-16 13:55:00,62.93,63.119998,62.75,62.759998,295716.0,XBI.NYSE-1-HOUR-LAST-EXTERNAL
2022-06-16 14:55:00,62.349998,62.459999,62.29,62.299999,188901.0,XBI.NYSE-1-HOUR-LAST-EXTERNAL
2022-06-16 15:55:00,62.419998,62.729999,62.389999,62.724998,89170.0,XBI.NYSE-1-HOUR-LAST-EXTERNAL
2022-06-16 16:55:00,63.43,63.439998,63.145,63.27,110577.0,XBI.NYSE-1-HOUR-LAST-EXTERNAL
2022-06-16 17:55:00,63.599998,63.650001,63.422,63.422,64517.0,XBI.NYSE-1-HOUR-LAST-EXTERNAL
2022-06-16 18:55:00,63.299999,63.490001,63.27,63.459999,84372.0,XBI.NYSE-1-HOUR-LAST-EXTERNAL
2022-06-16 19:55:00,63.709999,64.0,63.669998,63.979999,417734.0,XBI.NYSE-1-HOUR-LAST-EXTERNAL
2022-06-17 13:55:00,66.629997,66.819999,66.559997,66.7415,442684.0,XBI.NYSE-1-HOUR-LAST-EXTERNAL
2022-06-17 14:55:00,67.199996,67.43,67.069999,67.169998,320781.0,XBI.NYSE-1-HOUR-LAST-EXTERNAL
2022-06-17 15:55:00,68.099998,68.18,67.940002,68.044998,125191.0,XBI.NYSE-1-HOUR-LAST-EXTERNAL
2022-06-17 16:55:00,68.459999,68.5,68.309997,68.379997,262481.0,XBI.NYSE-1-HOUR-LAST-EXTERNAL
2022-06-17 17:55:00,67.959999,68.120002,67.839996,67.980003,166048.0,XBI.NYSE-1-HOUR-LAST-EXTERNAL
2022-06-17 18:55:00,67.86,68.0,67.809997,67.870002,126947.0,XBI.NYSE-1-HOUR-LAST-EXTERNAL
2022-06-17 19:55:00,67.699996,67.79,67.559997,67.629997,1811368.0,XBI.NYSE-1-HOUR-LAST-EXTERNAL
2022-06-21 13:55:00,70.230003,70.309997,70.029998,70.297996,189178.0,XBI.NYSE-1-HOUR-LAST-EXTERNAL
2022-06-21 14:55:00,70.809997,70.839996,70.589996,70.783897,193318.0,XBI.NYSE-1-HOUR-LAST-EXTERNAL
2022-06-21 15:55:00,70.459999,70.580001,70.419998,70.449996,139688.0,XBI.NYSE-1-HOUR-LAST-EXTERNAL
2022-06-21 16:55:00,71.169998,71.29,71.150001,71.29,108265.0,XBI.NYSE-1-HOUR-LAST-EXTERNAL
2022-06-21 17:55:00,71.720001,71.720001,71.535003,71.639999,114841.0,XBI.NYSE-1-HOUR-LAST-EXTERNAL
2022-06-21 18:55:00,70.800003,71.059997,70.650001,70.690002,181089.0,XBI.NYSE-1-HOUR-LAST-EXTERNAL
2022-06-21 19:55:00,70.36,70.410003,69.980003,70.04,888449.0,XBI.NYSE-1-HOUR-LAST-EXTERNAL
2022-06-22 13:55:00,70.5,71.019996,70.459999,70.959999,301802.0,XBI.NYSE-1-HOUR-LAST-EXTERNAL
2022-06-22 14:55:00,72.199897,72.260002,72.010002,72.080001,172534.0,XBI.NYSE-1-HOUR-LAST-EXTERNAL
2022-06-22 15:55:00,71.699996,71.769996,71.510002,71.529602,102607.0,XBI.NYSE-1-HOUR-LAST-EXTERNAL
2022-06-22 16:55:00,72.415,72.489997,72.319999,72.489997,94145.0,XBI.NYSE-1-HOUR-LAST-EXTERNAL
2022-06-22 17:55:00,72.449996,72.538002,72.330001,72.525001,79750.0,XBI.NYSE-1-HOUR-LAST-EXTERNAL
2022-06-22 18:55:00,72.669998,72.699996,72.559997,72.650001,83855.0,XBI.NYSE-1-HOUR-LAST-EXTERNAL
2022-06-22 19:55:00,71.86,72.0,71.75,71.769996,548240.0,XBI.NYSE-1-HOUR-LAST-EXTERNAL
2022-06-23 13:55:00,72.29,73.099998,72.239997,73.069999,234576.0,XBI.NYSE-1-HOUR-LAST-EXTERNAL
2022-06-23 14:55:00,73.61,73.739997,73.510002,73.519996,193013.0,XBI.NYSE-1-HOUR-LAST-EXTERNAL
2022-06-23 15:55:00,73.705001,73.849998,73.660003,73.760002,78889.0,XBI.NYSE-1-HOUR-LAST-EXTERNAL
2022-06-23 16:55:00,73.410003,73.449996,73.150001,73.269996,66152.0,XBI.NYSE-1-HOUR-LAST-EXTERNAL
2022-06-23 17:55:00,74.220001,74.279998,74.139999,74.269996,123696.0,XBI.NYSE-1-HOUR-LAST-EXTERNAL
2022-06-23 18:55:00,75.279998,75.309997,75.139999,75.29,166311.0,XBI.NYSE-1-HOUR-LAST-EXTERNAL
2022-06-23 19:55:00,76.105003,76.339996,76.095001,76.230003,1198520.0,XBI.NYSE-1-HOUR-LAST-EXTERNAL
2022-06-24 13:55:00,77.019996,77.019996,76.550003,76.650001,386696.0,XBI.NYSE-1-HOUR-LAST-EXTERNAL
2022-06-24 14:55:00,76.080001,76.209999,75.919998,75.93,368910.0,XBI.NYSE-1-HOUR-LAST-EXTERNAL
2022-06-24 15:55:00,74.819999,75.080001,74.754997,75.069999,122571.0,XBI.NYSE-1-HOUR-LAST-EXTERNAL
2022-06-24 16:55:00,75.75,75.839996,75.709999,75.819999,89965.0,XBI.NYSE-1-HOUR-LAST-EXTERNAL
2022-06-24 17:55:00,75.730003,75.794998,75.669998,75.754997,67403.0,XBI.NYSE-1-HOUR-LAST-EXTERNAL
2022-06-24 18:55:00,76.29,76.489997,76.25,76.459999,140430.0,XBI.NYSE-1-HOUR-LAST-EXTERNAL
2022-06-24 19:55:00,77.144996,77.18,76.980003,77.059997,873681.0,XBI.NYSE-1-HOUR-LAST-EXTERNAL
2022-06-27 13:55:00,75.629997,76.010002,75.555,75.635002,253468.0,XBI.NYSE-1-HOUR-LAST-EXTERNAL
2022-06-27 14:55:00,76.730003,76.849998,76.690002,76.699996,113911.0,XBI.NYSE-1-HOUR-LAST-EXTERNAL
2022-06-27 15:55:00,76.75,76.842399,76.699996,76.730003,186788.0,XBI.NYSE-1-HOUR-LAST-EXTERNAL
2022-06-27 16:55:00,77.050003,77.105003,76.809997,76.959999,182042.0,XBI.NYSE-1-HOUR-LAST-EXTERNAL
2022-06-27 17:55:00,77.339996,77.370002,77.199996,77.285003,86855.0,XBI.NYSE-1-HOUR-LAST-EXTERNAL
2022-06-27 18:55:00,77.510002,77.550003,77.389999,77.504997,69909.0,XBI.NYSE-1-HOUR-LAST-EXTERNAL
2022-06-27 19:55:00,76.529998,76.830001,76.519996,76.809997,444093.0,XBI.NYSE-1-HOUR-LAST-EXTERNAL
2022-06-28 13:55:00,76.870002,76.870002,76.410003,76.489997,155333.0,XBI.NYSE-1-HOUR-LAST-EXTERNAL
2022-06-28 14:55:00,75.769996,76.050003,75.760002,76.04,123858.0,XBI.NYSE-1-HOUR-LAST-EXTERNAL
2022-06-28 15:55:00,74.75,74.839996,74.669998,74.684997,178584.0,XBI.NYSE-1-HOUR-LAST-EXTERNAL
2022-06-28 16:55:00,74.919998,75.009002,74.699897,74.800003,147760.0,XBI.NYSE-1-HOUR-LAST-EXTERNAL
2022-06-28 17:55:00,73.584999,73.699996,73.510002,73.660003,245561.0,XBI.NYSE-1-HOUR-LAST-EXTERNAL
2022-06-28 18:55:00,74.175003,74.199996,73.980003,74.050003,10175295.0,XBI.NYSE-1-HOUR-LAST-EXTERNAL
2022-06-28 19:55:00,74.029998,74.129997,73.919998,74.099998,739821.0,XBI.NYSE-1-HOUR-LAST-EXTERNAL
2022-06-29 13:55:00,74.160003,74.183296,73.760002,73.779998,222655.0,XBI.NYSE-1-HOUR-LAST-EXTERNAL
2022-06-29 14:55:00,74.150001,74.160003,73.709999,73.830001,100687.0,XBI.NYSE-1-HOUR-LAST-EXTERNAL
2022-06-29 15:55:00,74.529998,74.569999,74.279998,74.379997,57984.0,XBI.NYSE-1-HOUR-LAST-EXTERNAL
2022-06-29 16:55:00,74.099998,74.389999,74.080001,74.349998,55937.0,XBI.NYSE-1-HOUR-LAST-EXTERNAL
2022-06-29 17:55:00,74.620002,74.875,74.620002,74.760002,101587.0,XBI.NYSE-1-HOUR-LAST-EXTERNAL
2022-06-29 18:55:00,75.010002,75.010002,74.800003,74.830001,50021.0,XBI.NYSE-1-HOUR-LAST-EXTERNAL
2022-06-29 19:55:00,74.519996,74.839996,74.489997,74.79,321666.0,XBI.NYSE-1-HOUR-LAST-EXTERNAL
2022-06-30 13:55:00,72.970001,72.980003,72.639999,72.830001,283429.0,XBI.NYSE-1-HOUR-LAST-EXTERNAL
2022-06-30 14:55:00,73.809997,74.29,73.800003,74.239997,157953.0,XBI.NYSE-1-HOUR-LAST-EXTERNAL
2022-06-30 15:55:00,74.29,74.489997,74.209999,74.470001,79797.0,XBI.NYSE-1-HOUR-LAST-EXTERNAL
2022-06-30 16:55:00,75.129997,75.150001,74.944999,75.039497,84829.0,XBI.NYSE-1-HOUR-LAST-EXTERNAL
2022-06-30 17:55:00,75.050003,75.059997,74.805,74.900001,98981.0,XBI.NYSE-1-HOUR-LAST-EXTERNAL
2022-06-30 18:55:00,74.364997,74.529998,74.319999,74.480003,81005.0,XBI.NYSE-1-HOUR-LAST-EXTERNAL
2022-06-30 19:55:00,74.019996,74.29,73.900001,74.260002,534729.0,XBI.NYSE-1-HOUR-LAST-EXTERNAL
2022-07-01 13:55:00,75.709999,75.900001,75.449996,75.5,334408.0,XBI.NYSE-1-HOUR-LAST-EXTERNAL
2022-07-01 14:55:00,74.900001,75.529998,74.830001,75.474998,140722.0,XBI.NYSE-1-HOUR-LAST-EXTERNAL
2022-07-01 15:55:00,75.25,75.440002,75.199996,75.309997,78321.0,XBI.NYSE-1-HOUR-LAST-EXTERNAL
2022-07-01 16:55:00,75.099998,75.199996,74.694999,74.720001,83989.0,XBI.NYSE-1-HOUR-LAST-EXTERNAL
2022-07-01 17:55:00,75.36,75.389999,75.230003,75.389999,72658.0,XBI.NYSE-1-HOUR-LAST-EXTERNAL
2022-07-01 18:55:00,76.04,76.220001,75.970001,76.199897,87308.0,XBI.NYSE-1-HOUR-LAST-EXTERNAL
2022-07-01 19:55:00,76.510002,76.699996,76.470001,76.54,885339.0,XBI.NYSE-1-HOUR-LAST-EXTERNAL
2022-07-05 13:55:00,77.099998,77.470001,76.819999,77.4253,302404.0,XBI.NYSE-1-HOUR-LAST-EXTERNAL
2022-07-05 14:55:00,78.120002,78.290802,77.949996,77.989997,135320.0,XBI.NYSE-1-HOUR-LAST-EXTERNAL
2022-07-05 15:55:00,78.599998,78.669998,78.43,78.459999,131006.0,XBI.NYSE-1-HOUR-LAST-EXTERNAL
2022-07-05 16:55:00,78.43,78.569999,78.360099,78.489997,48247.0,XBI.NYSE-1-HOUR-LAST-EXTERNAL
2022-07-05 17:55:00,79.319999,79.385002,79.209999,79.230003,122710.0,XBI.NYSE-1-HOUR-LAST-EXTERNAL
2022-07-05 18:55:00,79.61,79.79,79.510002,79.519996,91859.0,XBI.NYSE-1-HOUR-LAST-EXTERNAL
2022-07-05 19:55:00,80.800003,81.04,80.730003,81.010002,994067.0,XBI.NYSE-1-HOUR-LAST-EXTERNAL
2022-07-06 13:55:00,82.080001,82.839996,81.839996,82.690002,477247.0,XBI.NYSE-1-HOUR-LAST-EXTERNAL
2022-07-06 14:55:00,82.169998,82.18,81.79,81.959999,304307.0,XBI.NYSE-1-HOUR-LAST-EXTERNAL
2022-07-06 15:55:00,80.349998,80.599998,80.260002,80.43,184593.0,XBI.NYSE-1-HOUR-LAST-EXTERNAL
2022-07-06 16:55:00,80.800003,80.864898,80.709999,80.819999,59152.0,XBI.NYSE-1-HOUR-LAST-EXTERNAL
2022-07-06 17:55:00,81.199996,81.209999,81.010002,81.030197,81434.0,XBI.NYSE-1-HOUR-LAST-EXTERNAL
2022-07-06 18:55:00,81.379997,81.470001,81.169998,81.449996,72528.0,XBI.NYSE-1-HOUR-LAST-EXTERNAL
2022-07-06 19:55:00,80.760002,81.04,80.760002,81.010002,590088.0,XBI.NYSE-1-HOUR-LAST-EXTERNAL
2022-07-07 13:55:00,82.669998,82.959999,82.410003,82.589996,216058.0,XBI.NYSE-1-HOUR-LAST-EXTERNAL
2022-07-07 14:55:00,83.460098,83.470001,83.269996,83.36,95550.0,XBI.NYSE-1-HOUR-LAST-EXTERNAL
2022-07-07 15:55:00,83.899902,84.010002,83.830001,84.010002,190381.0,XBI.NYSE-1-HOUR-LAST-EXTERNAL
2022-07-07 16:55:00,83.870002,84.035003,83.840797,83.995002,115481.0,XBI.NYSE-1-HOUR-LAST-EXTERNAL
2022-07-07 17:55:00,84.019996,84.149902,84.010002,84.139999,77529.0,XBI.NYSE-1-HOUR-LAST-EXTERNAL
2022-07-07 18:55:00,83.730003,83.865699,83.709999,83.849998,111692.0,XBI.NYSE-1-HOUR-LAST-EXTERNAL
2022-07-07 19:55:00,83.169998,83.660003,83.165,83.419998,831803.0,XBI.NYSE-1-HOUR-LAST-EXTERNAL
2022-07-08 13:55:00,82.669998,82.919998,82.5,82.739997,328852.0,XBI.NYSE-1-HOUR-LAST-EXTERNAL
2022-07-08 14:55:00,84.099998,84.169998,83.889999,84.139999,175336.0,XBI.NYSE-1-HOUR-LAST-EXTERNAL
2022-07-08 15:55:00,84.0,84.144996,83.970001,84.11,77248.0,XBI.NYSE-1-HOUR-LAST-EXTERNAL
2022-07-08 16:55:00,83.264999,83.459999,83.239997,83.300003,109106.0,XBI.NYSE-1-HOUR-LAST-EXTERNAL
2022-07-08 17:55:00,83.669998,83.669998,83.5046,83.559997,75566.0,XBI.NYSE-1-HOUR-LAST-EXTERNAL
2022-07-08 18:55:00,84.11,84.379997,84.029998,84.379997,70283.0,XBI.NYSE-1-HOUR-LAST-EXTERNAL
2022-07-08 19:55:00,84.349998,84.629997,84.339996,84.400001,432967.0,XBI.NYSE-1-HOUR-LAST-EXTERNAL
2022-07-11 13:55:00,82.099998,82.220001,81.809997,81.879997,357533.0,XBI.NYSE-1-HOUR-LAST-EXTERNAL
2022-07-11 14:55:00,81.919998,81.919998,81.699996,81.711601,59434.0,XBI.NYSE-1-HOUR-LAST-EXTERNAL
2022-07-11 15:55:00,81.54,81.669998,81.519996,81.629997,41764.0,XBI.NYSE-1-HOUR-LAST-EXTERNAL
2022-07-11 16:55:00,81.690002,81.769996,81.599998,81.739997,50005.0,XBI.NYSE-1-HOUR-LAST-EXTERNAL
2022-07-11 17:55:00,82.120002,82.169998,82.04,82.150001,34839.0,XBI.NYSE-1-HOUR-LAST-EXTERNAL
2022-07-11 18:55:00,82.099998,82.139999,81.86,81.86,39964.0,XBI.NYSE-1-HOUR-LAST-EXTERNAL
2022-07-11 19:55:00,80.650001,80.720001,80.489997,80.699996,534012.0,XBI.NYSE-1-HOUR-LAST-EXTERNAL
2022-07-12 13:55:00,79.199996,79.279998,78.525001,78.54,296950.0,XBI.NYSE-1-HOUR-LAST-EXTERNAL
2022-07-12 14:55:00,79.739997,80.069999,79.699996,79.93,163229.0,XBI.NYSE-1-HOUR-LAST-EXTERNAL
2022-07-12 15:55:00,80.620002,81.129997,80.589996,81.125503,266048.0,XBI.NYSE-1-HOUR-LAST-EXTERNAL
2022-07-12 16:55:00,82.059997,82.339996,82.055,82.220001,235850.0,XBI.NYSE-1-HOUR-LAST-EXTERNAL
2022-07-12 17:55:00,82.309997,82.370002,82.209999,82.300003,125180.0,XBI.NYSE-1-HOUR-LAST-EXTERNAL
2022-07-12 18:55:00,81.959999,81.959999,81.569999,81.599998,80925.0,XBI.NYSE-1-HOUR-LAST-EXTERNAL
2022-07-12 19:55:00,82.04,82.160003,81.839996,81.870002,490669.0,XBI.NYSE-1-HOUR-LAST-EXTERNAL
2022-07-13 13:55:00,82.849998,83.199996,82.54,82.839996,347274.0,XBI.NYSE-1-HOUR-LAST-EXTERNAL
2022-07-13 14:55:00,83.069999,83.620002,83.069999,83.519996,168141.0,XBI.NYSE-1-HOUR-LAST-EXTERNAL
2022-07-13 15:55:00,82.54,82.800003,82.519996,82.720001,81778.0,XBI.NYSE-1-HOUR-LAST-EXTERNAL
2022-07-13 16:55:00,83.260002,83.389999,83.089996,83.389999,92592.0,XBI.NYSE-1-HOUR-LAST-EXTERNAL
2022-07-13 17:55:00,83.739997,83.839996,83.690002,83.75,89721.0,XBI.NYSE-1-HOUR-LAST-EXTERNAL
2022-07-13 18:55:00,83.741699,83.910003,83.550003,83.830001,108675.0,XBI.NYSE-1-HOUR-LAST-EXTERNAL
2022-07-13 19:55:00,83.470001,83.519996,83.209999,83.209999,389914.0,XBI.NYSE-1-HOUR-LAST-EXTERNAL
2022-07-14 13:55:00,81.550003,82.019996,81.36,81.389999,319180.0,XBI.NYSE-1-HOUR-LAST-EXTERNAL
2022-07-14 14:55:00,81.309997,81.309997,81.050003,81.199996,62834.0,XBI.NYSE-1-HOUR-LAST-EXTERNAL
2022-07-14 15:55:00,81.550003,81.589996,81.370002,81.569999,223750.0,XBI.NYSE-1-HOUR-LAST-EXTERNAL
2022-07-14 16:55:00,80.919998,81.0,80.830001,80.989997,55819.0,XBI.NYSE-1-HOUR-LAST-EXTERNAL
2022-07-14 17:55:00,81.080001,81.120002,81.04,81.080001,119188.0,XBI.NYSE-1-HOUR-LAST-EXTERNAL
2022-07-14 18:55:00,81.730003,81.959999,81.709999,81.931297,143366.0,XBI.NYSE-1-HOUR-LAST-EXTERNAL
2022-07-14 19:55:00,81.449996,81.449996,81.269996,81.319999,328249.0,XBI.NYSE-1-HOUR-LAST-EXTERNAL
2022-07-15 13:55:00,80.29,80.629997,80.169998,80.5,115129.0,XBI.NYSE-1-HOUR-LAST-EXTERNAL
2022-07-15 14:55:00,80.54,80.819999,80.470001,80.699996,38201.0,XBI.NYSE-1-HOUR-LAST-EXTERNAL
2022-07-15 15:55:00,81.330001,81.489997,81.269897,81.459999,55331.0,XBI.NYSE-1-HOUR-LAST-EXTERNAL
2022-07-15 16:55:00,81.720001,81.779998,81.639999,81.730003,41720.0,XBI.NYSE-1-HOUR-LAST-EXTERNAL
2022-07-15 17:55:00,82.010002,82.120002,81.944999,82.059997,69602.0,XBI.NYSE-1-HOUR-LAST-EXTERNAL
2022-07-15 18:55:00,81.989997,82.0,81.879997,81.974998,51525.0,XBI.NYSE-1-HOUR-LAST-EXTERNAL
2022-07-15 19:55:00,82.190002,82.440002,82.160003,82.370002,601593.0,XBI.NYSE-1-HOUR-LAST-EXTERNAL
2022-07-18 13:55:00,83.669998,83.730003,83.190002,83.330001,165591.0,XBI.NYSE-1-HOUR-LAST-EXTERNAL
2022-07-18 14:55:00,83.199996,83.199996,83.0,83.150001,60343.0,XBI.NYSE-1-HOUR-LAST-EXTERNAL
2022-07-18 15:55:00,82.949996,82.949996,82.620002,82.620002,59402.0,XBI.NYSE-1-HOUR-LAST-EXTERNAL
2022-07-18 16:55:00,81.959999,82.199996,81.93,82.04,179017.0,XBI.NYSE-1-HOUR-LAST-EXTERNAL
2022-07-18 17:55:00,81.11,81.160003,80.809997,81.035003,193778.0,XBI.NYSE-1-HOUR-LAST-EXTERNAL
2022-07-18 18:55:00,80.349998,80.400001,80.209999,80.389999,93405.0,XBI.NYSE-1-HOUR-LAST-EXTERNAL
2022-07-18 19:55:00,79.86,79.864997,79.730003,79.75,434070.0,XBI.NYSE-1-HOUR-LAST-EXTERNAL
2022-07-19 13:55:00,81.209999,81.940002,81.199996,81.68,250613.0,XBI.NYSE-1-HOUR-LAST-EXTERNAL
2022-07-19 14:55:00,82.760002,82.809997,82.489997,82.709999,159001.0,XBI.NYSE-1-HOUR-LAST-EXTERNAL
2022-07-19 15:55:00,83.400001,83.459999,83.319999,83.404998,122516.0,XBI.NYSE-1-HOUR-LAST-EXTERNAL
2022-07-19 16:55:00,82.68,82.819999,82.629997,82.760002,52589.0,XBI.NYSE-1-HOUR-LAST-EXTERNAL
2022-07-19 17:55:00,83.129997,83.129997,83.019996,83.059997,55249.0,XBI.NYSE-1-HOUR-LAST-EXTERNAL
2022-07-19 18:55:00,82.720001,82.800003,82.589996,82.764999,87826.0,XBI.NYSE-1-HOUR-LAST-EXTERNAL
2022-07-19 19:55:00,83.199996,83.440002,83.160003,83.300003,575429.0,XBI.NYSE-1-HOUR-LAST-EXTERNAL
2022-07-20 13:55:00,85.279998,85.279998,84.775001,85.099899,230531.0,XBI.NYSE-1-HOUR-LAST-EXTERNAL
2022-07-20 14:55:00,86.059997,86.220001,86.010002,86.139999,174338.0,XBI.NYSE-1-HOUR-LAST-EXTERNAL
2022-07-20 15:55:00,85.5,85.510002,85.330001,85.510002,125872.0,XBI.NYSE-1-HOUR-LAST-EXTERNAL
2022-07-20 16:55:00,84.580001,84.629997,84.470001,84.5,106400.0,XBI.NYSE-1-HOUR-LAST-EXTERNAL
2022-07-20 17:55:00,83.659896,83.68,83.349998,83.370002,88223.0,XBI.NYSE-1-HOUR-LAST-EXTERNAL
2022-07-20 18:55:00,83.970001,84.18,83.870002,84.050003,140294.0,XBI.NYSE-1-HOUR-LAST-EXTERNAL
2022-07-20 19:55:00,84.589996,84.739997,84.480003,84.519996,452938.0,XBI.NYSE-1-HOUR-LAST-EXTERNAL
2022-07-21 13:55:00,84.79,84.989997,84.300003,84.440002,243274.0,XBI.NYSE-1-HOUR-LAST-EXTERNAL
2022-07-21 14:55:00,84.459999,84.675003,84.400001,84.459999,84560.0,XBI.NYSE-1-HOUR-LAST-EXTERNAL
2022-07-21 15:55:00,84.129997,84.294998,83.989997,84.230003,40642.0,XBI.NYSE-1-HOUR-LAST-EXTERNAL
2022-07-21 16:55:00,84.309997,84.349998,84.220001,84.269996,35912.0,XBI.NYSE-1-HOUR-LAST-EXTERNAL
2022-07-21 17:55:00,83.449996,83.669998,83.43,83.587997,71630.0,XBI.NYSE-1-HOUR-LAST-EXTERNAL
2022-07-21 18:55:00,84.080001,84.089996,83.919998,83.980003,44573.0,XBI.NYSE-1-HOUR-LAST-EXTERNAL
2022-07-21 19:55:00,83.970001,84.199996,83.93,84.190002,324920.0,XBI.NYSE-1-HOUR-LAST-EXTERNAL
2022-07-22 13:55:00,83.79,84.019996,83.400001,83.489997,186527.0,XBI.NYSE-1-HOUR-LAST-EXTERNAL
2022-07-22 14:55:00,82.959999,82.980003,82.489997,82.569999,82378.0,XBI.NYSE-1-HOUR-LAST-EXTERNAL
2022-07-22 15:55:00,82.108703,82.139999,81.980003,82.120002,60650.0,XBI.NYSE-1-HOUR-LAST-EXTERNAL
2022-07-22 16:55:00,81.800003,81.839996,81.668701,81.669998,33525.0,XBI.NYSE-1-HOUR-LAST-EXTERNAL
2022-07-22 17:55:00,81.279998,81.389999,81.254997,81.319999,58783.0,XBI.NYSE-1-HOUR-LAST-EXTERNAL
2022-07-22 18:55:00,80.940002,81.160003,80.93,81.069999,177057.0,XBI.NYSE-1-HOUR-LAST-EXTERNAL
2022-07-22 19:55:00,80.700103,80.700103,80.550003,80.684997,486524.0,XBI.NYSE-1-HOUR-LAST-EXTERNAL
2022-07-25 13:55:00,80.309997,80.650001,80.169998,80.230003,180199.0,XBI.NYSE-1-HOUR-LAST-EXTERNAL
2022-07-25 14:55:00,79.989997,80.080001,79.86,80.0,124603.0,XBI.NYSE-1-HOUR-LAST-EXTERNAL
2022-07-25 15:55:00,80.75,80.86,80.709999,80.840103,43199.0,XBI.NYSE-1-HOUR-LAST-EXTERNAL
2022-07-25 16:55:00,80.879997,81.029998,80.819999,80.830001,60535.0,XBI.NYSE-1-HOUR-LAST-EXTERNAL
2022-07-25 17:55:00,80.510002,80.620002,80.5,80.602401,40916.0,XBI.NYSE-1-HOUR-LAST-EXTERNAL
2022-07-25 18:55:00,80.440002,80.519996,80.269996,80.29,43295.0,XBI.NYSE-1-HOUR-LAST-EXTERNAL
2022-07-25 19:55:00,80.760002,81.019996,80.690002,80.940002,290980.0,XBI.NYSE-1-HOUR-LAST-EXTERNAL
2022-07-26 13:55:00,80.419998,80.75,80.319999,80.389999,72489.0,XBI.NYSE-1-HOUR-LAST-EXTERNAL
2022-07-26 14:55:00,80.150001,80.43,80.099998,80.43,104541.0,XBI.NYSE-1-HOUR-LAST-EXTERNAL
2022-07-26 15:55:00,80.800003,80.980003,80.730003,80.919998,131603.0,XBI.NYSE-1-HOUR-LAST-EXTERNAL
2022-07-26 16:55:00,82.620002,82.669998,82.419998,82.519996,72135.0,XBI.NYSE-1-HOUR-LAST-EXTERNAL
2022-07-26 17:55:00,82.694999,82.830001,82.625,82.819999,40412.0,XBI.NYSE-1-HOUR-LAST-EXTERNAL
2022-07-26 18:55:00,82.18,82.209999,82.069999,82.129997,17254.0,XBI.NYSE-1-HOUR-LAST-EXTERNAL
2022-07-26 19:55:00,81.349998,81.389999,81.260002,81.29,244169.0,XBI.NYSE-1-HOUR-LAST-EXTERNAL
2022-07-27 13:55:00,81.080001,81.459999,81.019996,81.309997,125152.0,XBI.NYSE-1-HOUR-LAST-EXTERNAL
2022-07-27 14:55:00,81.379997,81.569999,81.359001,81.43,55042.0,XBI.NYSE-1-HOUR-LAST-EXTERNAL
2022-07-27 15:55:00,81.650001,81.910003,81.650001,81.714996,245146.0,XBI.NYSE-1-HOUR-LAST-EXTERNAL
2022-07-27 16:55:00,81.605003,81.629997,81.389999,81.440002,48128.0,XBI.NYSE-1-HOUR-LAST-EXTERNAL
2022-07-27 17:55:00,82.18,82.438003,82.150001,82.415,257806.0,XBI.NYSE-1-HOUR-LAST-EXTERNAL
2022-07-27 18:55:00,83.400001,83.440002,83.089996,83.160003,160220.0,XBI.NYSE-1-HOUR-LAST-EXTERNAL
2022-07-27 19:55:00,83.580001,83.68,83.269996,83.379997,498389.0,XBI.NYSE-1-HOUR-LAST-EXTERNAL
2022-07-28 13:55:00,81.010002,81.209999,80.879997,80.980003,305469.0,XBI.NYSE-1-HOUR-LAST-EXTERNAL
2022-07-28 14:55:00,81.480003,81.760002,81.449996,81.660003,225623.0,XBI.NYSE-1-HOUR-LAST-EXTERNAL
2022-07-28 15:55:00,82.720001,82.879997,82.709999,82.779998,70301.0,XBI.NYSE-1-HOUR-LAST-EXTERNAL
2022-07-28 16:55:00,82.309997,82.319999,82.050003,82.050003,83147.0,XBI.NYSE-1-HOUR-LAST-EXTERNAL
2022-07-28 17:55:00,82.309997,82.355003,82.269996,82.275001,98106.0,XBI.NYSE-1-HOUR-LAST-EXTERNAL
2022-07-28 18:55:00,83.050003,83.190002,83.0,83.099998,9499028.0,XBI.NYSE-1-HOUR-LAST-EXTERNAL
2022-07-28 19:55:00,82.470001,82.580001,82.364997,82.459999,305229.0,XBI.NYSE-1-HOUR-LAST-EXTERNAL
2022-07-29 13:55:00,80.870002,81.150001,80.589996,80.75,338557.0,XBI.NYSE-1-HOUR-LAST-EXTERNAL
2022-07-29 14:55:00,81.0,81.089996,80.779998,80.809997,52825.0,XBI.NYSE-1-HOUR-LAST-EXTERNAL
2022-07-29 15:55:00,80.550003,80.629997,80.529998,80.580001,36548.0,XBI.NYSE-1-HOUR-LAST-EXTERNAL
2022-07-29 16:55:00,80.870002,80.870002,80.690002,80.720001,74265.0,XBI.NYSE-1-HOUR-LAST-EXTERNAL
2022-07-29 17:55:00,80.279998,80.330001,80.18,80.199996,59814.0,XBI.NYSE-1-HOUR-LAST-EXTERNAL
2022-07-29 18:55:00,80.61,80.675003,80.519996,80.54,51245.0,XBI.NYSE-1-HOUR-LAST-EXTERNAL
2022-07-29 19:55:00,81.059997,81.165,81.029998,81.129997,462676.0,XBI.NYSE-1-HOUR-LAST-EXTERNAL
2022-08-01 13:55:00,80.86,80.915,80.389999,80.43,147491.0,XBI.NYSE-1-HOUR-LAST-EXTERNAL
2022-08-01 14:55:00,81.510002,81.620002,81.410003,81.480003,66518.0,XBI.NYSE-1-HOUR-LAST-EXTERNAL
2022-08-01 15:55:00,81.400001,81.410003,81.230003,81.25,66980.0,XBI.NYSE-1-HOUR-LAST-EXTERNAL
2022-08-01 16:55:00,81.7499,81.75,81.559997,81.629997,43175.0,XBI.NYSE-1-HOUR-LAST-EXTERNAL
2022-08-01 17:55:00,80.319999,80.400001,80.150001,80.339996,173786.0,XBI.NYSE-1-HOUR-LAST-EXTERNAL
2022-08-01 18:55:00,79.839996,80.129997,79.839996,79.980003,139050.0,XBI.NYSE-1-HOUR-LAST-EXTERNAL
2022-08-01 19:55:00,79.18,79.480003,79.169998,79.449996,846201.0,XBI.NYSE-1-HOUR-LAST-EXTERNAL
2022-08-02 13:55:00,80.269996,80.665,79.989997,80.559997,260358.0,XBI.NYSE-1-HOUR-LAST-EXTERNAL
2022-08-02 14:55:00,81.319999,81.370002,81.169998,81.230003,88674.0,XBI.NYSE-1-HOUR-LAST-EXTERNAL
2022-08-02 15:55:00,81.720001,81.764999,81.660003,81.739997,42675.0,XBI.NYSE-1-HOUR-LAST-EXTERNAL
2022-08-02 16:55:00,81.669998,81.699996,81.54,81.559997,62416.0,XBI.NYSE-1-HOUR-LAST-EXTERNAL
2022-08-02 17:55:00,80.599998,80.660003,80.550003,80.650001,7338683.0,XBI.NYSE-1-HOUR-LAST-EXTERNAL
2022-08-02 18:55:00,80.650001,80.690002,80.529998,80.535003,58299.0,XBI.NYSE-1-HOUR-LAST-EXTERNAL
2022-08-02 19:55:00,80.980003,81.099998,80.949996,80.970001,456822.0,XBI.NYSE-1-HOUR-LAST-EXTERNAL
2022-08-03 13:55:00,84.639999,85.190002,84.61,85.169998,466886.0,XBI.NYSE-1-HOUR-LAST-EXTERNAL
2022-08-03 14:55:00,85.099998,85.285003,85.069999,85.120002,123772.0,XBI.NYSE-1-HOUR-LAST-EXTERNAL
2022-08-03 15:55:00,84.510002,84.669998,84.43,84.660003,68118.0,XBI.NYSE-1-HOUR-LAST-EXTERNAL
2022-08-03 16:55:00,84.449996,84.599998,84.379997,84.598503,48365.0,XBI.NYSE-1-HOUR-LAST-EXTERNAL
2022-08-03 17:55:00,84.069999,84.099998,83.949996,83.970001,57860.0,XBI.NYSE-1-HOUR-LAST-EXTERNAL
2022-08-03 18:55:00,83.589996,83.650001,83.54,83.584999,51774.0,XBI.NYSE-1-HOUR-LAST-EXTERNAL
2022-08-03 19:55:00,84.099998,84.190002,83.959999,84.029998,524240.0,XBI.NYSE-1-HOUR-LAST-EXTERNAL
2022-08-04 13:55:00,86.5,86.964996,86.419998,86.880096,314580.0,XBI.NYSE-1-HOUR-LAST-EXTERNAL
2022-08-04 14:55:00,86.650001,87.04,86.61,87.029998,88135.0,XBI.NYSE-1-HOUR-LAST-EXTERNAL
2022-08-04 15:55:00,86.839996,86.919998,86.730003,86.910003,187678.0,XBI.NYSE-1-HOUR-LAST-EXTERNAL
2022-08-04 16:55:00,87.480003,87.629997,87.459999,87.550003,67931.0,XBI.NYSE-1-HOUR-LAST-EXTERNAL
2022-08-04 17:55:00,88.319999,88.419998,88.269996,88.410003,123346.0,XBI.NYSE-1-HOUR-LAST-EXTERNAL
2022-08-04 18:55:00,88.769996,88.769996,88.620002,88.669998,83487.0,XBI.NYSE-1-HOUR-LAST-EXTERNAL
2022-08-04 19:55:00,88.529998,88.75,88.440002,88.669998,573653.0,XBI.NYSE-1-HOUR-LAST-EXTERNAL
2022-08-05 13:55:00,88.349998,88.349998,87.879997,88.309997,227343.0,XBI.NYSE-1-HOUR-LAST-EXTERNAL
2022-08-05 14:55:00,88.940498,89.139999,88.919998,89.089996,64547.0,XBI.NYSE-1-HOUR-LAST-EXTERNAL
2022-08-05 15:55:00,90.569999,90.889999,90.480003,90.839996,317731.0,XBI.NYSE-1-HOUR-LAST-EXTERNAL
2022-08-05 16:55:00,91.879997,91.93,91.738098,91.819999,159709.0,XBI.NYSE-1-HOUR-LAST-EXTERNAL
2022-08-05 17:55:00,91.940002,92.18,91.870002,92.150001,167807.0,XBI.NYSE-1-HOUR-LAST-EXTERNAL
2022-08-05 18:55:00,91.75,91.870002,91.690002,91.849998,92095.0,XBI.NYSE-1-HOUR-LAST-EXTERNAL
2022-08-05 19:55:00,92.160003,92.309997,92.120002,92.309997,796464.0,XBI.NYSE-1-HOUR-LAST-EXTERNAL
2022-08-08 13:55:00,94.480003,94.949996,94.480003,94.760002,445283.0,XBI.NYSE-1-HOUR-LAST-EXTERNAL
2022-08-08 14:55:00,94.580001,94.785003,94.5,94.650001,317257.0,XBI.NYSE-1-HOUR-LAST-EXTERNAL
2022-08-08 15:55:00,93.470001,93.474998,93.199996,93.400001,288007.0,XBI.NYSE-1-HOUR-LAST-EXTERNAL
2022-08-08 16:55:00,92.764999,92.870002,92.589996,92.819999,125449.0,XBI.NYSE-1-HOUR-LAST-EXTERNAL
2022-08-08 17:55:00,93.050003,93.309997,93.035003,93.209999,114391.0,XBI.NYSE-1-HOUR-LAST-EXTERNAL
2022-08-08 18:55:00,93.394996,93.589996,93.379997,93.512496,138917.0,XBI.NYSE-1-HOUR-LAST-EXTERNAL
2022-08-08 19:55:00,93.819999,93.980003,93.809997,93.917999,481576.0,XBI.NYSE-1-HOUR-LAST-EXTERNAL
2022-08-09 13:55:00,92.75,92.879997,92.309997,92.739997,180234.0,XBI.NYSE-1-HOUR-LAST-EXTERNAL
2022-08-09 14:55:00,91.419998,91.559997,91.36,91.485,123768.0,XBI.NYSE-1-HOUR-LAST-EXTERNAL
2022-08-09 15:55:00,90.61,90.675003,90.330001,90.36,153451.0,XBI.NYSE-1-HOUR-LAST-EXTERNAL
2022-08-09 16:55:00,89.885002,89.915,89.68,89.849998,138439.0,XBI.NYSE-1-HOUR-LAST-EXTERNAL
2022-08-09 17:55:00,89.43,89.719902,89.43,89.660003,67040.0,XBI.NYSE-1-HOUR-LAST-EXTERNAL
2022-08-09 18:55:00,90.474998,90.599998,90.309997,90.527496,104725.0,XBI.NYSE-1-HOUR-LAST-EXTERNAL
2022-08-09 19:55:00,90.760002,90.760002,90.54,90.730003,1021672.0,XBI.NYSE-1-HOUR-LAST-EXTERNAL
2022-08-10 13:55:00,91.839996,92.29,91.75,92.199996,104934.0,XBI.NYSE-1-HOUR-LAST-EXTERNAL
2022-08-10 14:55:00,92.519996,92.519996,92.269996,92.330703,146645.0,XBI.NYSE-1-HOUR-LAST-EXTERNAL
2022-08-10 15:55:00,92.349998,92.389999,92.129997,92.169998,27777.0,XBI.NYSE-1-HOUR-LAST-EXTERNAL
2022-08-10 16:55:00,92.04,92.260002,91.970001,92.25,40990.0,XBI.NYSE-1-HOUR-LAST-EXTERNAL
2022-08-10 17:55:00,92.830001,92.949996,92.809997,92.86,49965.0,XBI.NYSE-1-HOUR-LAST-EXTERNAL
2022-08-10 18:55:00,93.569999,93.639999,93.410697,93.510002,144497.0,XBI.NYSE-1-HOUR-LAST-EXTERNAL
2022-08-10 19:55:00,93.824996,93.870002,93.690002,93.690002,485386.0,XBI.NYSE-1-HOUR-LAST-EXTERNAL
2022-08-11 13:55:00,93.980003,94.589996,93.940002,94.580001,142579.0,XBI.NYSE-1-HOUR-LAST-EXTERNAL
2022-08-11 14:55:00,94.800003,94.800003,94.529998,94.599899,160744.0,XBI.NYSE-1-HOUR-LAST-EXTERNAL
2022-08-11 15:55:00,92.349998,92.43,92.165,92.165,110459.0,XBI.NYSE-1-HOUR-LAST-EXTERNAL
2022-08-11 16:55:00,92.61,92.720001,92.309997,92.330001,103086.0,XBI.NYSE-1-HOUR-LAST-EXTERNAL
2022-08-11 17:55:00,91.574996,91.574996,91.279998,91.339996,99560.0,XBI.NYSE-1-HOUR-LAST-EXTERNAL
2022-08-11 18:55:00,90.900001,91.080001,90.894996,91.019996,132757.0,XBI.NYSE-1-HOUR-LAST-EXTERNAL
2022-08-11 19:55:00,90.919998,90.919998,90.660003,90.800003,465836.0,XBI.NYSE-1-HOUR-LAST-EXTERNAL
2022-08-12 13:55:00,92.330001,93.18,92.279998,93.160003,190420.0,XBI.NYSE-1-HOUR-LAST-EXTERNAL
2022-08-12 14:55:00,93.29,93.299003,93.050003,93.18,56422.0,XBI.NYSE-1-HOUR-LAST-EXTERNAL
2022-08-12 15:55:00,93.349998,93.400001,92.989997,92.989997,135492.0,XBI.NYSE-1-HOUR-LAST-EXTERNAL
2022-08-12 16:55:00,93.629997,93.660003,93.559997,93.599998,75405.0,XBI.NYSE-1-HOUR-LAST-EXTERNAL
2022-08-12 17:55:00,93.894996,93.940002,93.819999,93.830001,85697.0,XBI.NYSE-1-HOUR-LAST-EXTERNAL
2022-08-12 18:55:00,93.912101,94.04,93.879997,94.004997,148498.0,XBI.NYSE-1-HOUR-LAST-EXTERNAL
2022-08-12 19:55:00,93.730003,93.834999,93.580001,93.779998,463272.0,XBI.NYSE-1-HOUR-LAST-EXTERNAL
2022-08-15 13:55:00,93.349998,93.669998,93.25,93.519996,180730.0,XBI.NYSE-1-HOUR-LAST-EXTERNAL
2022-08-15 14:55:00,93.629997,93.809997,93.489997,93.489997,119076.0,XBI.NYSE-1-HOUR-LAST-EXTERNAL
2022-08-15 15:55:00,93.944999,94.139999,93.864997,94.139999,78829.0,XBI.NYSE-1-HOUR-LAST-EXTERNAL
2022-08-15 16:55:00,93.959999,94.11,93.910003,94.010002,47404.0,XBI.NYSE-1-HOUR-LAST-EXTERNAL
2022-08-15 17:55:00,94.04,94.209999,94.019996,94.209999,39471.0,XBI.NYSE-1-HOUR-LAST-EXTERNAL
2022-08-15 18:55:00,94.639999,94.650001,94.425003,94.510002,187088.0,XBI.NYSE-1-HOUR-LAST-EXTERNAL
2022-08-15 19:55:00,94.86,94.949996,94.805,94.900001,374832.0,XBI.NYSE-1-HOUR-LAST-EXTERNAL
2022-08-16 13:55:00,93.309997,93.510002,92.86,92.919998,186784.0,XBI.NYSE-1-HOUR-LAST-EXTERNAL
2022-08-16 14:55:00,92.230003,92.25,91.917503,91.93,88155.0,XBI.NYSE-1-HOUR-LAST-EXTERNAL
2022-08-16 15:55:00,93.36,93.5,93.260002,93.379997,83951.0,XBI.NYSE-1-HOUR-LAST-EXTERNAL
2022-08-16 16:55:00,93.18,93.370002,93.160003,93.364997,42768.0,XBI.NYSE-1-HOUR-LAST-EXTERNAL
2022-08-16 17:55:00,92.86,92.880096,92.769996,92.824996,52955.0,XBI.NYSE-1-HOUR-LAST-EXTERNAL
2022-08-16 18:55:00,92.190002,92.54,92.169998,92.470001,104934.0,XBI.NYSE-1-HOUR-LAST-EXTERNAL
2022-08-16 19:55:00,92.434997,92.434997,92.260002,92.389999,336003.0,XBI.NYSE-1-HOUR-LAST-EXTERNAL
2022-08-17 13:55:00,90.68,91.330001,90.650001,91.230003,156856.0,XBI.NYSE-1-HOUR-LAST-EXTERNAL
2022-08-17 14:55:00,89.930099,90.0699,89.794998,89.849998,198303.0,XBI.NYSE-1-HOUR-LAST-EXTERNAL
2022-08-17 15:55:00,89.419998,89.644996,89.400001,89.61,105073.0,XBI.NYSE-1-HOUR-LAST-EXTERNAL
2022-08-17 16:55:00,90.36,90.460098,90.309997,90.349998,66462.0,XBI.NYSE-1-HOUR-LAST-EXTERNAL
2022-08-17 17:55:00,90.069999,90.099998,89.830001,89.849998,31737.0,XBI.NYSE-1-HOUR-LAST-EXTERNAL
2022-08-17 18:55:00,90.650001,90.809997,90.319999,90.349998,120932.0,XBI.NYSE-1-HOUR-LAST-EXTERNAL
2022-08-17 19:55:00,89.559997,89.669998,89.5,89.61,398187.0,XBI.NYSE-1-HOUR-LAST-EXTERNAL
2022-08-18 13:55:00,88.120002,88.209999,87.809997,87.974998,1245096.0,XBI.NYSE-1-HOUR-LAST-EXTERNAL
2022-08-18 14:55:00,88.080001,88.230003,88.059997,88.150001,93592.0,XBI.NYSE-1-HOUR-LAST-EXTERNAL
2022-08-18 15:55:00,88.614997,88.800003,88.580001,88.589996,77173.0,XBI.NYSE-1-HOUR-LAST-EXTERNAL
2022-08-18 16:55:00,87.650001,87.660003,87.510002,87.529998,52092.0,XBI.NYSE-1-HOUR-LAST-EXTERNAL
2022-08-18 17:55:00,87.955001,88.029998,87.900001,87.989997,40991.0,XBI.NYSE-1-HOUR-LAST-EXTERNAL
2022-08-18 18:55:00,88.959999,89.014999,88.86,88.870002,6369057.0,XBI.NYSE-1-HOUR-LAST-EXTERNAL
2022-08-18 19:55:00,88.819999,88.910003,88.730102,88.889999,315739.0,XBI.NYSE-1-HOUR-LAST-EXTERNAL
2022-08-19 13:55:00,87.330001,87.419998,87.18,87.18,71668.0,XBI.NYSE-1-HOUR-LAST-EXTERNAL
2022-08-19 14:55:00,87.599998,87.660003,87.300003,87.319999,123963.0,XBI.NYSE-1-HOUR-LAST-EXTERNAL
2022-08-19 15:55:00,87.305,87.305,87.169998,87.25,66421.0,XBI.NYSE-1-HOUR-LAST-EXTERNAL
2022-08-19 16:55:00,87.779998,87.940002,87.769996,87.879997,33510.0,XBI.NYSE-1-HOUR-LAST-EXTERNAL
2022-08-19 17:55:00,87.370002,87.54,87.324996,87.529998,18556.0,XBI.NYSE-1-HOUR-LAST-EXTERNAL
2022-08-19 18:55:00,87.160003,87.190002,86.989997,87.0,57377.0,XBI.NYSE-1-HOUR-LAST-EXTERNAL
2022-08-19 19:55:00,87.230003,87.319999,87.150001,87.269996,313445.0,XBI.NYSE-1-HOUR-LAST-EXTERNAL
2022-08-22 13:55:00,87.220001,87.379997,86.970001,86.980003,110831.0,XBI.NYSE-1-HOUR-LAST-EXTERNAL
2022-08-22 14:55:00,86.235,86.260002,85.9608,86.010002,94169.0,XBI.NYSE-1-HOUR-LAST-EXTERNAL
2022-08-22 15:55:00,86.75,86.789901,86.61,86.660003,42713.0,XBI.NYSE-1-HOUR-LAST-EXTERNAL
2022-08-22 16:55:00,86.629997,86.690002,86.574996,86.669998,40912.0,XBI.NYSE-1-HOUR-LAST-EXTERNAL
2022-08-22 17:55:00,85.86,85.879997,85.739997,85.860099,73148.0,XBI.NYSE-1-HOUR-LAST-EXTERNAL
2022-08-22 18:55:00,85.510002,85.699302,85.419998,85.68,175575.0,XBI.NYSE-1-HOUR-LAST-EXTERNAL
2022-08-22 19:55:00,85.870002,86.055,85.760002,85.949996,401596.0,XBI.NYSE-1-HOUR-LAST-EXTERNAL
2022-08-23 13:55:00,86.370002,86.480003,86.169998,86.300003,89365.0,XBI.NYSE-1-HOUR-LAST-EXTERNAL
2022-08-23 14:55:00,85.809997,86.050003,85.800003,85.949996,84740.0,XBI.NYSE-1-HOUR-LAST-EXTERNAL
2022-08-23 15:55:00,86.589996,86.589996,86.419998,86.440002,30353.0,XBI.NYSE-1-HOUR-LAST-EXTERNAL
2022-08-23 16:55:00,86.207,86.379997,86.199996,86.330001,34669.0,XBI.NYSE-1-HOUR-LAST-EXTERNAL
2022-08-23 17:55:00,86.669998,86.775001,86.620002,86.739997,23558.0,XBI.NYSE-1-HOUR-LAST-EXTERNAL
2022-08-23 18:55:00,87.660003,87.889297,87.660003,87.864997,83552.0,XBI.NYSE-1-HOUR-LAST-EXTERNAL
2022-08-23 19:55:00,87.870002,87.910003,87.739997,87.769996,595331.0,XBI.NYSE-1-HOUR-LAST-EXTERNAL
2022-08-24 13:55:00,88.43,88.93,88.36,88.75,110721.0,XBI.NYSE-1-HOUR-LAST-EXTERNAL
2022-08-24 14:55:00,89.394996,89.510002,89.300003,89.5,144902.0,XBI.NYSE-1-HOUR-LAST-EXTERNAL
2022-08-24 15:55:00,90.175003,90.175003,89.959999,89.989997,84344.0,XBI.NYSE-1-HOUR-LAST-EXTERNAL
2022-08-24 16:55:00,89.559997,89.669998,89.519996,89.660003,35217.0,XBI.NYSE-1-HOUR-LAST-EXTERNAL
2022-08-24 17:55:00,90.209999,90.214996,90.120002,90.209999,30069.0,XBI.NYSE-1-HOUR-LAST-EXTERNAL
2022-08-24 18:55:00,90.139999,90.209999,90.089996,90.169998,30740.0,XBI.NYSE-1-HOUR-LAST-EXTERNAL
2022-08-24 19:55:00,89.709999,89.779998,89.580001,89.629997,680132.0,XBI.NYSE-1-HOUR-LAST-EXTERNAL
2022-08-25 13:55:00,89.970001,90.36,89.86,89.904998,167627.0,XBI.NYSE-1-HOUR-LAST-EXTERNAL
2022-08-25 14:55:00,88.809997,88.949996,88.660003,88.86,79115.0,XBI.NYSE-1-HOUR-LAST-EXTERNAL
2022-08-25 15:55:00,89.11,89.29,89.069999,89.279998,18229.0,XBI.NYSE-1-HOUR-LAST-EXTERNAL
2022-08-25 16:55:00,89.330001,89.440002,89.319999,89.425003,28435.0,XBI.NYSE-1-HOUR-LAST-EXTERNAL
2022-08-25 17:55:00,89.629997,89.639999,89.459999,89.5,53832.0,XBI.NYSE-1-HOUR-LAST-EXTERNAL
2022-08-25 18:55:00,88.980003,89.209999,88.970001,89.199996,56388.0,XBI.NYSE-1-HOUR-LAST-EXTERNAL
2022-08-25 19:55:00,89.25,89.419998,89.133003,89.370002,276676.0,XBI.NYSE-1-HOUR-LAST-EXTERNAL
2022-08-26 13:55:00,88.550003,88.620002,88.190002,88.309997,145638.0,XBI.NYSE-1-HOUR-LAST-EXTERNAL
2022-08-26 14:55:00,87.173698,87.400001,87.059997,87.309997,80156.0,XBI.NYSE-1-HOUR-LAST-EXTERNAL
2022-08-26 15:55:00,86.819999,86.849998,86.639999,86.809997,66092.0,XBI.NYSE-1-HOUR-LAST-EXTERNAL
2022-08-26 16:55:00,86.589996,86.730003,86.589996,86.669998,22476.0,XBI.NYSE-1-HOUR-LAST-EXTERNAL
2022-08-26 17:55:00,85.989997,86.010002,85.769996,85.93,245647.0,XBI.NYSE-1-HOUR-LAST-EXTERNAL
2022-08-26 18:55:00,85.139999,85.239997,85.139999,85.160003,140410.0,XBI.NYSE-1-HOUR-LAST-EXTERNAL
2022-08-26 19:55:00,84.959999,85.095001,84.93,85.059997,616057.0,XBI.NYSE-1-HOUR-LAST-EXTERNAL
2022-08-29 13:55:00,84.68,84.940002,84.569999,84.61,187092.0,XBI.NYSE-1-HOUR-LAST-EXTERNAL
2022-08-29 14:55:00,84.300003,84.580001,84.220001,84.529998,79181.0,XBI.NYSE-1-HOUR-LAST-EXTERNAL
2022-08-29 15:55:00,84.510002,84.669998,84.485,84.495002,50497.0,XBI.NYSE-1-HOUR-LAST-EXTERNAL
2022-08-29 16:55:00,85.160003,85.160003,85.029998,85.084999,95525.0,XBI.NYSE-1-HOUR-LAST-EXTERNAL
2022-08-29 17:55:00,85.419998,85.569999,85.379997,85.54,124775.0,XBI.NYSE-1-HOUR-LAST-EXTERNAL
2022-08-29 18:55:00,84.870002,84.870002,84.535003,84.86,219886.0,XBI.NYSE-1-HOUR-LAST-EXTERNAL
2022-08-29 19:55:00,83.919998,84.050003,83.879997,84.0,625092.0,XBI.NYSE-1-HOUR-LAST-EXTERNAL
2022-08-30 13:55:00,83.699996,83.79,83.480003,83.569999,136776.0,XBI.NYSE-1-HOUR-LAST-EXTERNAL
2022-08-30 14:55:00,82.599998,82.970001,82.589996,82.879997,155827.0,XBI.NYSE-1-HOUR-LAST-EXTERNAL
2022-08-30 15:55:00,82.550003,82.620002,82.349998,82.370002,122116.0,XBI.NYSE-1-HOUR-LAST-EXTERNAL
2022-08-30 16:55:00,82.5,82.61,82.400001,82.410003,74624.0,XBI.NYSE-1-HOUR-LAST-EXTERNAL
2022-08-30 17:55:00,82.720001,82.760002,82.595001,82.68,52435.0,XBI.NYSE-1-HOUR-LAST-EXTERNAL
2022-08-30 18:55:00,82.400001,82.675003,82.309997,82.559997,60611.0,XBI.NYSE-1-HOUR-LAST-EXTERNAL
2022-08-30 19:55:00,82.839996,83.139999,82.839996,83.11,339353.0,XBI.NYSE-1-HOUR-LAST-EXTERNAL
2022-08-31 13:55:00,84.769996,84.779998,84.169998,84.211303,180073.0,XBI.NYSE-1-HOUR-LAST-EXTERNAL
2022-08-31 14:55:00,83.93,84.050003,83.690002,83.709899,3408949.0,XBI.NYSE-1-HOUR-LAST-EXTERNAL
2022-08-31 15:55:00,84.069999,84.319999,84.069999,84.239997,78219.0,XBI.NYSE-1-HOUR-LAST-EXTERNAL
2022-08-31 16:55:00,83.550003,83.660003,83.529998,83.639999,30910.0,XBI.NYSE-1-HOUR-LAST-EXTERNAL
2022-08-31 17:55:00,83.385002,83.43,83.319999,83.400001,47556.0,XBI.NYSE-1-HOUR-LAST-EXTERNAL
2022-08-31 18:55:00,83.5,83.529998,83.389999,83.519996,66544.0,XBI.NYSE-1-HOUR-LAST-EXTERNAL
2022-08-31 19:55:00,83.995002,84.029998,83.660003,83.699996,433179.0,XBI.NYSE-1-HOUR-LAST-EXTERNAL
2022-09-01 13:55:00,82.580001,82.599998,82.330001,82.400001,152703.0,XBI.NYSE-1-HOUR-LAST-EXTERNAL
2022-09-01 14:55:00,82.5,82.660003,82.480003,82.54,69482.0,XBI.NYSE-1-HOUR-LAST-EXTERNAL
2022-09-01 15:55:00,82.550003,82.809997,82.459999,82.779998,58929.0,XBI.NYSE-1-HOUR-LAST-EXTERNAL
2022-09-01 16:55:00,83.069999,83.150001,82.9607,83.080001,62872.0,XBI.NYSE-1-HOUR-LAST-EXTERNAL
2022-09-01 17:55:00,83.699996,83.800003,83.650001,83.760002,49855.0,XBI.NYSE-1-HOUR-LAST-EXTERNAL
2022-09-01 18:55:00,84.375,84.410003,84.160003,84.239997,49662.0,XBI.NYSE-1-HOUR-LAST-EXTERNAL
2022-09-01 19:55:00,85.339996,85.650001,85.330001,85.559997,679459.0,XBI.NYSE-1-HOUR-LAST-EXTERNAL
2022-09-02 13:55:00,85.879997,86.160003,85.54,85.54,118401.0,XBI.NYSE-1-HOUR-LAST-EXTERNAL
2022-09-02 14:55:00,86.050003,86.169998,85.879997,86.099998,90602.0,XBI.NYSE-1-HOUR-LAST-EXTERNAL
2022-09-02 15:55:00,86.330001,86.470001,86.29,86.459999,35632.0,XBI.NYSE-1-HOUR-LAST-EXTERNAL
2022-09-02 16:55:00,84.900001,84.989997,84.720001,84.900001,129372.0,XBI.NYSE-1-HOUR-LAST-EXTERNAL
2022-09-02 17:55:00,83.949996,84.028198,83.830001,83.980003,44785.0,XBI.NYSE-1-HOUR-LAST-EXTERNAL
2022-09-02 18:55:00,83.970001,84.0,83.809997,83.940002,182146.0,XBI.NYSE-1-HOUR-LAST-EXTERNAL
2022-09-02 19:55:00,83.75,83.819999,83.544998,83.769996,613159.0,XBI.NYSE-1-HOUR-LAST-EXTERNAL
2022-09-06 13:55:00,82.989997,83.010002,82.599998,82.779998,169433.0,XBI.NYSE-1-HOUR-LAST-EXTERNAL
2022-09-06 14:55:00,82.830001,83.019996,82.760002,82.970001,152796.0,XBI.NYSE-1-HOUR-LAST-EXTERNAL
2022-09-06 15:55:00,82.36,82.449996,82.25,82.29,67338.0,XBI.NYSE-1-HOUR-LAST-EXTERNAL
2022-09-06 16:55:00,81.839996,82.059997,81.800003,81.980003,45276.0,XBI.NYSE-1-HOUR-LAST-EXTERNAL
2022-09-06 17:55:00,81.5,81.709999,81.485,81.669998,123177.0,XBI.NYSE-1-HOUR-LAST-EXTERNAL
2022-09-06 18:55:00,82.099998,82.319999,81.989997,82.010002,77539.0,XBI.NYSE-1-HOUR-LAST-EXTERNAL
2022-09-06 19:55:00,81.300003,81.36,81.169998,81.36,569020.0,XBI.NYSE-1-HOUR-LAST-EXTERNAL
2022-09-07 13:55:00,81.970001,82.400001,81.93,82.0,209335.0,XBI.NYSE-1-HOUR-LAST-EXTERNAL
2022-09-07 14:55:00,82.940002,83.129997,82.93,82.949996,112144.0,XBI.NYSE-1-HOUR-LAST-EXTERNAL
2022-09-07 15:55:00,83.239997,83.279998,83.059997,83.120002,79212.0,XBI.NYSE-1-HOUR-LAST-EXTERNAL
2022-09-07 16:55:00,83.019996,83.160003,82.980003,83.139999,59068.0,XBI.NYSE-1-HOUR-LAST-EXTERNAL
2022-09-07 17:55:00,84.044998,84.139999,84.019996,84.139999,62113.0,XBI.NYSE-1-HOUR-LAST-EXTERNAL
2022-09-07 18:55:00,84.569999,84.599998,84.504997,84.569999,77288.0,XBI.NYSE-1-HOUR-LAST-EXTERNAL
2022-09-07 19:55:00,84.735,84.959999,84.650001,84.809997,844167.0,XBI.NYSE-1-HOUR-LAST-EXTERNAL
2022-09-08 13:55:00,86.760002,86.989997,86.419998,86.690002,479508.0,XBI.NYSE-1-HOUR-LAST-EXTERNAL
2022-09-08 14:55:00,86.970001,87.120002,86.790199,87.080001,132078.0,XBI.NYSE-1-HOUR-LAST-EXTERNAL
2022-09-08 15:55:00,86.839996,86.974998,86.805,86.86,123353.0,XBI.NYSE-1-HOUR-LAST-EXTERNAL
2022-09-08 16:55:00,86.5,86.589996,86.43,86.459999,63068.0,XBI.NYSE-1-HOUR-LAST-EXTERNAL
2022-09-08 17:55:00,87.019996,87.019996,86.709999,86.889999,287058.0,XBI.NYSE-1-HOUR-LAST-EXTERNAL
2022-09-08 18:55:00,87.050003,87.059997,86.800003,86.879997,89546.0,XBI.NYSE-1-HOUR-LAST-EXTERNAL
2022-09-08 19:55:00,87.315002,87.489997,87.199996,87.43,730086.0,XBI.NYSE-1-HOUR-LAST-EXTERNAL
2022-09-09 13:55:00,88.11,88.319999,88.0,88.209999,256753.0,XBI.NYSE-1-HOUR-LAST-EXTERNAL
2022-09-09 14:55:00,88.220001,88.330001,88.120002,88.300003,65759.0,XBI.NYSE-1-HOUR-LAST-EXTERNAL
2022-09-09 15:55:00,87.550003,87.879997,87.550003,87.800003,61803.0,XBI.NYSE-1-HOUR-LAST-EXTERNAL
2022-09-09 16:55:00,88.697998,88.730003,88.559997,88.68,101953.0,XBI.NYSE-1-HOUR-LAST-EXTERNAL
2022-09-09 17:55:00,88.400001,88.470001,88.319999,88.36,62201.0,XBI.NYSE-1-HOUR-LAST-EXTERNAL
2022-09-09 18:55:00,88.0,88.11,87.989997,88.080001,82504.0,XBI.NYSE-1-HOUR-LAST-EXTERNAL
2022-09-09 19:55:00,88.089996,88.089996,87.93,88.04,393718.0,XBI.NYSE-1-HOUR-LAST-EXTERNAL
2022-09-12 13:55:00,87.889999,87.989997,87.5,87.709999,275565.0,XBI.NYSE-1-HOUR-LAST-EXTERNAL
2022-09-12 14:55:00,87.569999,87.629997,87.279998,87.36,91654.0,XBI.NYSE-1-HOUR-LAST-EXTERNAL
2022-09-12 15:55:00,87.309997,87.5,87.11,87.43,70049.0,XBI.NYSE-1-HOUR-LAST-EXTERNAL
2022-09-12 16:55:00,88.309997,88.400001,88.269996,88.36,78524.0,XBI.NYSE-1-HOUR-LAST-EXTERNAL
2022-09-12 17:55:00,88.43,88.43,88.339996,88.370002,30917.0,XBI.NYSE-1-HOUR-LAST-EXTERNAL
2022-09-12 18:55:00,88.510002,88.580001,88.43,88.489997,83692.0,XBI.NYSE-1-HOUR-LAST-EXTERNAL
2022-09-12 19:55:00,88.620002,88.730003,88.605003,88.690002,393518.0,XBI.NYSE-1-HOUR-LAST-EXTERNAL
2022-09-13 13:55:00,85.809997,85.900001,85.25,85.339996,388170.0,XBI.NYSE-1-HOUR-LAST-EXTERNAL
2022-09-13 14:55:00,84.519996,84.720001,84.410003,84.419998,260517.0,XBI.NYSE-1-HOUR-LAST-EXTERNAL
2022-09-13 15:55:00,84.459999,84.480003,84.260002,84.330001,103942.0,XBI.NYSE-1-HOUR-LAST-EXTERNAL
2022-09-13 16:55:00,84.014999,84.165,84.0,84.160003,57959.0,XBI.NYSE-1-HOUR-LAST-EXTERNAL
2022-09-13 17:55:00,84.589996,84.699996,84.510002,84.699996,84664.0,XBI.NYSE-1-HOUR-LAST-EXTERNAL
2022-09-13 18:55:00,84.010002,84.099998,83.959999,84.050003,124030.0,XBI.NYSE-1-HOUR-LAST-EXTERNAL
2022-09-13 19:55:00,84.199996,84.239997,83.959999,84.120002,751687.0,XBI.NYSE-1-HOUR-LAST-EXTERNAL
2022-09-14 13:55:00,83.339996,84.029998,83.330001,83.889999,178305.0,XBI.NYSE-1-HOUR-LAST-EXTERNAL
2022-09-14 14:55:00,84.710098,84.730003,84.489997,84.68,63779.0,XBI.NYSE-1-HOUR-LAST-EXTERNAL
2022-09-14 15:55:00,85.269996,85.300003,85.150001,85.209999,34731.0,XBI.NYSE-1-HOUR-LAST-EXTERNAL
2022-09-14 16:55:00,85.25,85.260002,84.989997,85.050003,36292.0,XBI.NYSE-1-HOUR-LAST-EXTERNAL
2022-09-14 17:55:00,84.519996,84.519996,84.260002,84.349998,115917.0,XBI.NYSE-1-HOUR-LAST-EXTERNAL
2022-09-14 18:55:00,84.690002,84.809997,84.650001,84.720001,48762.0,XBI.NYSE-1-HOUR-LAST-EXTERNAL
2022-09-14 19:55:00,84.959999,85.139999,84.919998,85.099998,585851.0,XBI.NYSE-1-HOUR-LAST-EXTERNAL
2022-09-15 13:55:00,85.75,86.019996,85.68,85.949996,193139.0,XBI.NYSE-1-HOUR-LAST-EXTERNAL
2022-09-15 14:55:00,84.949996,85.099998,84.669998,84.669998,89511.0,XBI.NYSE-1-HOUR-LAST-EXTERNAL
2022-09-15 15:55:00,85.550003,85.830001,85.459999,85.760002,77056.0,XBI.NYSE-1-HOUR-LAST-EXTERNAL
2022-09-15 16:55:00,86.11,86.199996,86.014999,86.139999,36023.0,XBI.NYSE-1-HOUR-LAST-EXTERNAL
2022-09-15 17:55:00,86.569999,86.61,86.519996,86.550003,39369.0,XBI.NYSE-1-HOUR-LAST-EXTERNAL
2022-09-15 18:55:00,86.080001,86.080001,85.889999,85.989997,51080.0,XBI.NYSE-1-HOUR-LAST-EXTERNAL
2022-09-15 19:55:00,86.160003,86.275001,86.120002,86.190002,325971.0,XBI.NYSE-1-HOUR-LAST-EXTERNAL
2022-09-16 13:55:00,83.199996,83.269996,82.949996,82.970001,491974.0,XBI.NYSE-1-HOUR-LAST-EXTERNAL
2022-09-16 14:55:00,83.589996,83.629997,83.260002,83.269996,149434.0,XBI.NYSE-1-HOUR-LAST-EXTERNAL
2022-09-16 15:55:00,83.139999,83.199996,83.04,83.169998,128534.0,XBI.NYSE-1-HOUR-LAST-EXTERNAL
2022-09-16 16:55:00,82.86,82.86,82.769996,82.830001,56904.0,XBI.NYSE-1-HOUR-LAST-EXTERNAL
2022-09-16 17:55:00,82.620002,82.709999,82.54,82.61,81447.0,XBI.NYSE-1-HOUR-LAST-EXTERNAL
2022-09-16 18:55:00,83.04,83.059997,82.709999,82.769996,146597.0,XBI.NYSE-1-HOUR-LAST-EXTERNAL
2022-09-16 19:55:00,83.425003,83.459999,83.209999,83.349998,1025107.0,XBI.NYSE-1-HOUR-LAST-EXTERNAL
2022-09-19 13:55:00,81.550003,81.690002,81.230003,81.580001,316235.0,XBI.NYSE-1-HOUR-LAST-EXTERNAL
2022-09-19 14:55:00,81.480003,81.54,81.260002,81.260002,173978.0,XBI.NYSE-1-HOUR-LAST-EXTERNAL
2022-09-19 15:55:00,81.510002,81.529998,81.220001,81.29,58213.0,XBI.NYSE-1-HOUR-LAST-EXTERNAL
2022-09-19 16:55:00,81.959999,82.009902,81.839996,81.870002,70778.0,XBI.NYSE-1-HOUR-LAST-EXTERNAL
2022-09-19 17:55:00,82.139999,82.349998,82.139999,82.220001,879685.0,XBI.NYSE-1-HOUR-LAST-EXTERNAL
2022-09-19 18:55:00,82.309997,82.349998,82.160003,82.260002,187991.0,XBI.NYSE-1-HOUR-LAST-EXTERNAL
2022-09-19 19:55:00,82.020103,82.260002,82.010002,82.239997,949671.0,XBI.NYSE-1-HOUR-LAST-EXTERNAL
2022-09-20 13:55:00,81.599899,81.599998,81.18,81.220001,221297.0,XBI.NYSE-1-HOUR-LAST-EXTERNAL
2022-09-20 14:55:00,82.230003,82.25,82.139999,82.199996,85090.0,XBI.NYSE-1-HOUR-LAST-EXTERNAL
2022-09-20 15:55:00,82.519996,82.760002,82.514999,82.739997,60940.0,XBI.NYSE-1-HOUR-LAST-EXTERNAL
2022-09-20 16:55:00,82.504997,82.510002,82.370002,82.43,54731.0,XBI.NYSE-1-HOUR-LAST-EXTERNAL
2022-09-20 17:55:00,81.660003,81.660003,81.440002,81.519996,68798.0,XBI.NYSE-1-HOUR-LAST-EXTERNAL
2022-09-20 18:55:00,81.389999,81.529998,81.379997,81.415,33293.0,XBI.NYSE-1-HOUR-LAST-EXTERNAL
2022-09-20 19:55:00,82.089996,82.139999,82.0,82.019996,416123.0,XBI.NYSE-1-HOUR-LAST-EXTERNAL
2022-09-21 13:55:00,81.620002,81.709999,81.389999,81.480003,91668.0,XBI.NYSE-1-HOUR-LAST-EXTERNAL
2022-09-21 14:55:00,81.54,81.54,81.29,81.319999,77329.0,XBI.NYSE-1-HOUR-LAST-EXTERNAL
2022-09-21 15:55:00,81.650001,81.68,81.569999,81.650001,18158.0,XBI.NYSE-1-HOUR-LAST-EXTERNAL
2022-09-21 16:55:00,81.220001,81.300003,81.220001,81.260002,35207.0,XBI.NYSE-1-HOUR-LAST-EXTERNAL
2022-09-21 17:55:00,81.459999,81.739997,81.410003,81.699996,98828.0,XBI.NYSE-1-HOUR-LAST-EXTERNAL
2022-09-21 18:55:00,82.449996,82.5,82.059997,82.29,177060.0,XBI.NYSE-1-HOUR-LAST-EXTERNAL
2022-09-21 19:55:00,79.410003,79.410003,79.059997,79.11,685427.0,XBI.NYSE-1-HOUR-LAST-EXTERNAL
2022-09-22 13:55:00,77.379997,77.68,77.379997,77.569999,336162.0,XBI.NYSE-1-HOUR-LAST-EXTERNAL
2022-09-22 14:55:00,77.61,77.775001,77.489997,77.580001,100925.0,XBI.NYSE-1-HOUR-LAST-EXTERNAL
2022-09-22 15:55:00,78.199996,78.199996,77.809997,77.909896,47418.0,XBI.NYSE-1-HOUR-LAST-EXTERNAL
2022-09-22 16:55:00,77.589996,77.699996,77.410003,77.410003,86695.0,XBI.NYSE-1-HOUR-LAST-EXTERNAL
2022-09-22 17:55:00,77.952697,78.099998,77.93,78.080001,117312.0,XBI.NYSE-1-HOUR-LAST-EXTERNAL
2022-09-22 18:55:00,78.18,78.190002,78.04,78.084999,71514.0,XBI.NYSE-1-HOUR-LAST-EXTERNAL
2022-09-22 19:55:00,78.400001,78.419998,78.050003,78.069999,470663.0,XBI.NYSE-1-HOUR-LAST-EXTERNAL
2022-09-23 13:55:00,76.714996,76.809997,76.510002,76.54,123771.0,XBI.NYSE-1-HOUR-LAST-EXTERNAL
2022-09-23 14:55:00,76.330001,76.470001,76.080001,76.089996,152369.0,XBI.NYSE-1-HOUR-LAST-EXTERNAL
2022-09-23 15:55:00,75.410003,75.650001,75.339797,75.589996,120133.0,XBI.NYSE-1-HOUR-LAST-EXTERNAL
2022-09-23 16:55:00,75.669998,75.800003,75.569999,75.79,75034.0,XBI.NYSE-1-HOUR-LAST-EXTERNAL
2022-09-23 17:55:00,75.940002,75.980003,75.809997,75.970001,7198765.0,XBI.NYSE-1-HOUR-LAST-EXTERNAL
2022-09-23 18:55:00,75.419998,75.440002,75.18,75.230003,134399.0,XBI.NYSE-1-HOUR-LAST-EXTERNAL
2022-09-23 19:55:00,76.43,76.730003,76.241401,76.639999,463828.0,XBI.NYSE-1-HOUR-LAST-EXTERNAL
2022-09-26 13:55:00,77.300003,77.690002,77.150001,77.569999,187110.0,XBI.NYSE-1-HOUR-LAST-EXTERNAL
2022-09-26 14:55:00,77.169998,77.319999,77.120002,77.209999,76538.0,XBI.NYSE-1-HOUR-LAST-EXTERNAL
2022-09-26 15:55:00,76.019996,76.260002,75.919998,76.160003,206806.0,XBI.NYSE-1-HOUR-LAST-EXTERNAL
2022-09-26 16:55:00,75.940002,76.099998,75.889999,75.889999,79764.0,XBI.NYSE-1-HOUR-LAST-EXTERNAL
2022-09-26 17:55:00,75.870002,75.870002,75.614997,75.635002,66755.0,XBI.NYSE-1-HOUR-LAST-EXTERNAL
2022-09-26 18:55:00,76.330001,76.449996,76.230003,76.230003,217244.0,XBI.NYSE-1-HOUR-LAST-EXTERNAL
2022-09-26 19:55:00,75.620002,75.620002,74.970001,75.029998,543271.0,XBI.NYSE-1-HOUR-LAST-EXTERNAL
2022-09-27 13:55:00,77.510002,77.510002,77.080001,77.160003,268273.0,XBI.NYSE-1-HOUR-LAST-EXTERNAL
2022-09-27 14:55:00,77.86,78.0,77.785003,77.919998,173611.0,XBI.NYSE-1-HOUR-LAST-EXTERNAL
2022-09-27 15:55:00,77.29,77.330001,76.959999,76.980003,296841.0,XBI.NYSE-1-HOUR-LAST-EXTERNAL
2022-09-27 16:55:00,77.089996,77.11,76.919998,76.940002,51992.0,XBI.NYSE-1-HOUR-LAST-EXTERNAL
2022-09-27 17:55:00,76.569999,76.629997,76.440002,76.580001,156873.0,XBI.NYSE-1-HOUR-LAST-EXTERNAL
2022-09-27 18:55:00,77.29,77.419998,77.239997,77.330001,254986.0,XBI.NYSE-1-HOUR-LAST-EXTERNAL
2022-09-27 19:55:00,77.050003,77.29,77.019996,77.220001,403553.0,XBI.NYSE-1-HOUR-LAST-EXTERNAL
2022-09-28 13:55:00,79.569999,79.769996,79.339996,79.580001,308891.0,XBI.NYSE-1-HOUR-LAST-EXTERNAL
2022-09-28 14:55:00,79.870002,79.919998,79.730003,79.809997,244991.0,XBI.NYSE-1-HOUR-LAST-EXTERNAL
2022-09-28 15:55:00,80.550003,80.68,80.529998,80.620002,228258.0,XBI.NYSE-1-HOUR-LAST-EXTERNAL
2022-09-28 16:55:00,80.599998,80.75,80.470001,80.739997,189633.0,XBI.NYSE-1-HOUR-LAST-EXTERNAL
2022-09-28 17:55:00,80.400001,80.489997,80.29,80.459999,104041.0,XBI.NYSE-1-HOUR-LAST-EXTERNAL
2022-09-28 18:55:00,80.915,80.980003,80.839996,80.870002,117088.0,XBI.NYSE-1-HOUR-LAST-EXTERNAL
2022-09-28 19:55:00,81.459999,81.459999,81.160003,81.18,1016779.0,XBI.NYSE-1-HOUR-LAST-EXTERNAL
2022-09-29 13:55:00,79.300003,79.330001,78.86,78.870002,138612.0,XBI.NYSE-1-HOUR-LAST-EXTERNAL
2022-09-29 14:55:00,78.160003,78.36,78.04,78.300003,118548.0,XBI.NYSE-1-HOUR-LAST-EXTERNAL
2022-09-29 15:55:00,79.069999,79.100196,78.93,78.985,136371.0,XBI.NYSE-1-HOUR-LAST-EXTERNAL
2022-09-29 16:55:00,78.54,78.54,78.349998,78.349998,58971.0,XBI.NYSE-1-HOUR-LAST-EXTERNAL
2022-09-29 17:55:00,78.559997,78.599998,78.370002,78.389999,142406.0,XBI.NYSE-1-HOUR-LAST-EXTERNAL
2022-09-29 18:55:00,78.400001,78.480003,78.309997,78.339996,66817.0,XBI.NYSE-1-HOUR-LAST-EXTERNAL
2022-09-29 19:55:00,78.68,78.940002,78.599998,78.879997,469869.0,XBI.NYSE-1-HOUR-LAST-EXTERNAL
2022-09-30 13:55:00,80.61,80.849998,80.519996,80.550003,333787.0,XBI.NYSE-1-HOUR-LAST-EXTERNAL
2022-09-30 14:55:00,81.599998,81.675003,81.459999,81.629997,80582.0,XBI.NYSE-1-HOUR-LAST-EXTERNAL
2022-09-30 15:55:00,81.319999,81.459999,81.269996,81.419998,85063.0,XBI.NYSE-1-HOUR-LAST-EXTERNAL
2022-09-30 16:55:00,81.410003,81.519996,81.379997,81.440002,34694.0,XBI.NYSE-1-HOUR-LAST-EXTERNAL
2022-09-30 17:55:00,80.699996,80.745002,80.639999,80.654998,82849.0,XBI.NYSE-1-HOUR-LAST-EXTERNAL
2022-09-30 18:55:00,80.088203,80.099998,79.830001,79.849998,120885.0,XBI.NYSE-1-HOUR-LAST-EXTERNAL
2022-09-30 19:55:00,79.529998,79.580001,79.279998,79.349998,965308.0,XBI.NYSE-1-HOUR-LAST-EXTERNAL
2022-10-03 13:55:00,80.5,80.589996,80.239997,80.419998,101237.0,XBI.NYSE-1-HOUR-LAST-EXTERNAL
2022-10-03 14:55:00,81.089996,81.11,80.739997,80.769996,198777.0,XBI.NYSE-1-HOUR-LAST-EXTERNAL
2022-10-03 15:55:00,79.379997,79.389999,79.160003,79.309997,119855.0,XBI.NYSE-1-HOUR-LAST-EXTERNAL
2022-10-03 16:55:00,79.060096,79.220001,79.029998,79.209999,58785.0,XBI.NYSE-1-HOUR-LAST-EXTERNAL
2022-10-03 17:55:00,79.199996,79.239997,79.120002,79.190002,50940.0,XBI.NYSE-1-HOUR-LAST-EXTERNAL
2022-10-03 18:55:00,80.455001,80.511299,80.319999,80.349998,51204.0,XBI.NYSE-1-HOUR-LAST-EXTERNAL
2022-10-03 19:55:00,80.11,80.11,79.870002,79.970001,336760.0,XBI.NYSE-1-HOUR-LAST-EXTERNAL
2022-10-04 13:55:00,82.440002,82.54,82.169998,82.5,237683.0,XBI.NYSE-1-HOUR-LAST-EXTERNAL
2022-10-04 14:55:00,82.519996,82.560096,82.279998,82.349998,153584.0,XBI.NYSE-1-HOUR-LAST-EXTERNAL
2022-10-04 15:55:00,81.839996,81.959999,81.737998,81.959999,109653.0,XBI.NYSE-1-HOUR-LAST-EXTERNAL
2022-10-04 16:55:00,81.959999,82.069999,81.940002,82.029998,27473.0,XBI.NYSE-1-HOUR-LAST-EXTERNAL
2022-10-04 17:55:00,81.980003,82.230003,81.979896,82.11,117493.0,XBI.NYSE-1-HOUR-LAST-EXTERNAL
2022-10-04 18:55:00,82.349998,82.434997,82.279998,82.36,109393.0,XBI.NYSE-1-HOUR-LAST-EXTERNAL
2022-10-04 19:55:00,82.660003,83.059997,82.660003,83.010002,845453.0,XBI.NYSE-1-HOUR-LAST-EXTERNAL
2022-10-05 13:55:00,81.389999,81.720001,81.389999,81.480003,97221.0,XBI.NYSE-1-HOUR-LAST-EXTERNAL
2022-10-05 14:55:00,81.010002,81.069999,80.910003,81.035003,68842.0,XBI.NYSE-1-HOUR-LAST-EXTERNAL
2022-10-05 15:55:00,81.260002,81.349998,81.160003,81.239997,81953.0,XBI.NYSE-1-HOUR-LAST-EXTERNAL
2022-10-05 16:55:00,82.169998,82.18,81.970001,82.019996,53336.0,XBI.NYSE-1-HOUR-LAST-EXTERNAL
2022-10-05 17:55:00,82.11,82.220001,81.934997,81.980003,42533.0,XBI.NYSE-1-HOUR-LAST-EXTERNAL
2022-10-05 18:55:00,82.230003,82.309997,82.160003,82.239997,114617.0,XBI.NYSE-1-HOUR-LAST-EXTERNAL
2022-10-05 19:55:00,82.839996,83.0,82.650001,82.68,331313.0,XBI.NYSE-1-HOUR-LAST-EXTERNAL
2022-10-06 13:55:00,83.339996,83.459999,82.879997,82.980003,192429.0,XBI.NYSE-1-HOUR-LAST-EXTERNAL
2022-10-06 14:55:00,82.309997,82.419998,82.18,82.379997,49392.0,XBI.NYSE-1-HOUR-LAST-EXTERNAL
2022-10-06 15:55:00,82.79,82.819999,82.309997,82.319999,137507.0,XBI.NYSE-1-HOUR-LAST-EXTERNAL
2022-10-06 16:55:00,82.879997,83.0,82.86,82.919998,47494.0,XBI.NYSE-1-HOUR-LAST-EXTERNAL
2022-10-06 17:55:00,83.019996,83.129997,83.019996,83.04,48384.0,XBI.NYSE-1-HOUR-LAST-EXTERNAL
2022-10-06 18:55:00,82.580001,82.760002,82.559997,82.709999,60514.0,XBI.NYSE-1-HOUR-LAST-EXTERNAL
2022-10-06 19:55:00,82.889999,83.0,82.629997,82.690002,303537.0,XBI.NYSE-1-HOUR-LAST-EXTERNAL
2022-10-07 13:55:00,80.730003,80.730003,80.349998,80.379997,167832.0,XBI.NYSE-1-HOUR-LAST-EXTERNAL
2022-10-07 14:55:00,81.220001,81.36,81.107002,81.150001,128276.0,XBI.NYSE-1-HOUR-LAST-EXTERNAL
2022-10-07 15:55:00,80.61,80.690002,80.595001,80.650001,4107148.0,XBI.NYSE-1-HOUR-LAST-EXTERNAL
2022-10-07 16:55:00,80.269996,80.36,80.239997,80.309997,54667.0,XBI.NYSE-1-HOUR-LAST-EXTERNAL
2022-10-07 17:55:00,80.300003,80.349998,80.105003,80.129997,63430.0,XBI.NYSE-1-HOUR-LAST-EXTERNAL
2022-10-07 18:55:00,80.25,80.319999,80.230003,80.305,33482.0,XBI.NYSE-1-HOUR-LAST-EXTERNAL
2022-10-07 19:55:00,79.220001,79.400001,79.065002,79.089996,720495.0,XBI.NYSE-1-HOUR-LAST-EXTERNAL
2022-10-10 13:55:00,78.089996,78.330001,77.989997,78.029998,168774.0,XBI.NYSE-1-HOUR-LAST-EXTERNAL
2022-10-10 14:55:00,77.559997,77.830001,77.464996,77.830001,3596001.0,XBI.NYSE-1-HOUR-LAST-EXTERNAL
2022-10-10 15:55:00,77.93,78.0,77.800003,77.849998,74444.0,XBI.NYSE-1-HOUR-LAST-EXTERNAL
2022-10-10 16:55:00,77.459999,77.599998,77.339996,77.339996,80773.0,XBI.NYSE-1-HOUR-LAST-EXTERNAL
2022-10-10 17:55:00,78.79,78.819999,78.580001,78.629997,179434.0,XBI.NYSE-1-HOUR-LAST-EXTERNAL
2022-10-10 18:55:00,78.18,78.18,77.959999,78.029998,65273.0,XBI.NYSE-1-HOUR-LAST-EXTERNAL
2022-10-10 19:55:00,78.129997,78.139999,77.599998,77.629997,442654.0,XBI.NYSE-1-HOUR-LAST-EXTERNAL
2022-10-11 13:55:00,76.68,76.849998,76.650001,76.709999,138653.0,XBI.NYSE-1-HOUR-LAST-EXTERNAL
2022-10-11 14:55:00,77.809997,78.050003,77.769996,77.849998,128488.0,XBI.NYSE-1-HOUR-LAST-EXTERNAL
2022-10-11 15:55:00,79.459999,79.470001,79.315002,79.389999,85406.0,XBI.NYSE-1-HOUR-LAST-EXTERNAL
2022-10-11 16:55:00,79.599998,79.730003,79.529998,79.589996,107950.0,XBI.NYSE-1-HOUR-LAST-EXTERNAL
2022-10-11 17:55:00,79.279998,79.300003,79.18,79.220001,85488.0,XBI.NYSE-1-HOUR-LAST-EXTERNAL
2022-10-11 18:55:00,77.120002,77.120002,76.940002,77.010002,115695.0,XBI.NYSE-1-HOUR-LAST-EXTERNAL
2022-10-11 19:55:00,78.120002,78.339996,78.099998,78.260002,569276.0,XBI.NYSE-1-HOUR-LAST-EXTERNAL
2022-10-12 13:55:00,77.589996,77.93,77.559997,77.709999,111889.0,XBI.NYSE-1-HOUR-LAST-EXTERNAL
2022-10-12 14:55:00,77.11,77.230003,77.069999,77.120002,41278.0,XBI.NYSE-1-HOUR-LAST-EXTERNAL
2022-10-12 15:55:00,77.900001,77.970001,77.720001,77.760002,89482.0,XBI.NYSE-1-HOUR-LAST-EXTERNAL
2022-10-12 16:55:00,77.699996,77.794998,77.68,77.720001,46236.0,XBI.NYSE-1-HOUR-LAST-EXTERNAL
2022-10-12 17:55:00,77.760002,77.809997,77.709999,77.809898,20247.0,XBI.NYSE-1-HOUR-LAST-EXTERNAL
2022-10-12 18:55:00,78.309997,78.400001,78.275001,78.349998,68107.0,XBI.NYSE-1-HOUR-LAST-EXTERNAL
2022-10-12 19:55:00,78.769996,78.870002,78.61,78.709999,596536.0,XBI.NYSE-1-HOUR-LAST-EXTERNAL
2022-10-13 13:55:00,77.239997,77.349998,76.959999,77.260002,191975.0,XBI.NYSE-1-HOUR-LAST-EXTERNAL
2022-10-13 14:55:00,77.169998,77.599998,77.150001,77.379997,157590.0,XBI.NYSE-1-HOUR-LAST-EXTERNAL
2022-10-13 15:55:00,79.419998,79.529998,79.190002,79.29,132800.0,XBI.NYSE-1-HOUR-LAST-EXTERNAL
2022-10-13 16:55:00,79.43,79.5,79.370002,79.394996,123605.0,XBI.NYSE-1-HOUR-LAST-EXTERNAL
2022-10-13 17:55:00,79.919998,80.050003,79.839996,80.04,65802.0,XBI.NYSE-1-HOUR-LAST-EXTERNAL
2022-10-13 18:55:00,79.980003,80.139999,79.919998,80.050003,127137.0,XBI.NYSE-1-HOUR-LAST-EXTERNAL
2022-10-13 19:55:00,80.019996,80.169998,79.949996,80.050003,667299.0,XBI.NYSE-1-HOUR-LAST-EXTERNAL
2022-10-14 13:55:00,80.43,80.519996,80.160003,80.322502,150104.0,XBI.NYSE-1-HOUR-LAST-EXTERNAL
2022-10-14 14:55:00,79.629997,79.769996,79.599998,79.650001,57739.0,XBI.NYSE-1-HOUR-LAST-EXTERNAL
2022-10-14 15:55:00,78.620002,78.650001,78.54,78.54,43698.0,XBI.NYSE-1-HOUR-LAST-EXTERNAL
2022-10-14 16:55:00,78.949996,78.980003,78.889999,78.93,26704.0,XBI.NYSE-1-HOUR-LAST-EXTERNAL
2022-10-14 17:55:00,78.75,79.055,78.75,79.029998,71685.0,XBI.NYSE-1-HOUR-LAST-EXTERNAL
2022-10-14 18:55:00,78.519996,78.614997,78.470001,78.54,70256.0,XBI.NYSE-1-HOUR-LAST-EXTERNAL
2022-10-14 19:55:00,78.309997,78.309997,77.720001,77.839996,567488.0,XBI.NYSE-1-HOUR-LAST-EXTERNAL
2022-10-17 13:55:00,79.660003,79.849998,79.529998,79.839996,108623.0,XBI.NYSE-1-HOUR-LAST-EXTERNAL
2022-10-17 14:55:00,78.940002,79.059997,78.800003,79.010002,167721.0,XBI.NYSE-1-HOUR-LAST-EXTERNAL
2022-10-17 15:55:00,80.599998,80.599998,80.389999,80.389999,135680.0,XBI.NYSE-1-HOUR-LAST-EXTERNAL
2022-10-17 16:55:00,80.5,80.5,80.279998,80.339996,97144.0,XBI.NYSE-1-HOUR-LAST-EXTERNAL
2022-10-17 17:55:00,80.29,80.339996,80.199996,80.339996,25460.0,XBI.NYSE-1-HOUR-LAST-EXTERNAL
2022-10-17 18:55:00,80.300003,80.419998,80.294998,80.330001,30227.0,XBI.NYSE-1-HOUR-LAST-EXTERNAL
2022-10-17 19:55:00,81.029998,81.059997,80.669998,80.699996,646122.0,XBI.NYSE-1-HOUR-LAST-EXTERNAL
2022-10-18 13:55:00,82.260002,82.440002,82.089996,82.300003,177520.0,XBI.NYSE-1-HOUR-LAST-EXTERNAL
2022-10-18 14:55:00,81.690002,81.699996,81.574996,81.650001,79397.0,XBI.NYSE-1-HOUR-LAST-EXTERNAL
2022-10-18 15:55:00,81.019996,81.325103,81.019996,81.29,90057.0,XBI.NYSE-1-HOUR-LAST-EXTERNAL
2022-10-18 16:55:00,81.529998,81.569999,81.300003,81.300003,118415.0,XBI.NYSE-1-HOUR-LAST-EXTERNAL
2022-10-18 17:55:00,81.830001,81.879997,81.68,81.839996,57519.0,XBI.NYSE-1-HOUR-LAST-EXTERNAL
2022-10-18 18:55:00,80.889999,81.080001,80.879997,81.04,158903.0,XBI.NYSE-1-HOUR-LAST-EXTERNAL
2022-10-18 19:55:00,81.11,81.135002,80.900001,81.129997,375792.0,XBI.NYSE-1-HOUR-LAST-EXTERNAL
2022-10-19 13:55:00,79.330001,79.619003,79.04,79.11,266391.0,XBI.NYSE-1-HOUR-LAST-EXTERNAL
2022-10-19 14:55:00,79.080001,79.080001,78.769996,78.910003,172079.0,XBI.NYSE-1-HOUR-LAST-EXTERNAL
2022-10-19 15:55:00,78.470001,78.510002,78.410003,78.43,145950.0,XBI.NYSE-1-HOUR-LAST-EXTERNAL
2022-10-19 16:55:00,77.5,77.519996,77.230003,77.230003,188062.0,XBI.NYSE-1-HOUR-LAST-EXTERNAL
2022-10-19 17:55:00,76.93,77.010002,76.769996,76.980003,155579.0,XBI.NYSE-1-HOUR-LAST-EXTERNAL
2022-10-19 18:55:00,77.035003,77.125,76.949996,77.105003,81575.0,XBI.NYSE-1-HOUR-LAST-EXTERNAL
2022-10-19 19:55:00,76.870002,77.169998,76.830001,77.160003,817621.0,XBI.NYSE-1-HOUR-LAST-EXTERNAL
2022-10-20 13:55:00,77.669998,77.739997,77.300003,77.379997,135922.0,XBI.NYSE-1-HOUR-LAST-EXTERNAL
2022-10-20 14:55:00,78.492698,78.779998,78.459999,78.739997,74985.0,XBI.NYSE-1-HOUR-LAST-EXTERNAL
2022-10-20 15:55:00,78.599998,78.61,78.319999,78.319999,38754.0,XBI.NYSE-1-HOUR-LAST-EXTERNAL
2022-10-20 16:55:00,77.629997,77.79,77.550003,77.760002,40393.0,XBI.NYSE-1-HOUR-LAST-EXTERNAL
2022-10-20 17:55:00,76.889999,76.919998,76.769996,76.830001,177803.0,XBI.NYSE-1-HOUR-LAST-EXTERNAL
2022-10-20 18:55:00,76.694999,76.900001,76.650001,76.669998,132928.0,XBI.NYSE-1-HOUR-LAST-EXTERNAL
2022-10-20 19:55:00,76.839996,76.910003,76.68,76.699996,324744.0,XBI.NYSE-1-HOUR-LAST-EXTERNAL
2022-10-21 13:55:00,76.949996,77.639999,76.730003,77.620002,197971.0,XBI.NYSE-1-HOUR-LAST-EXTERNAL
2022-10-21 14:55:00,77.29,77.339996,76.910003,76.949996,86023.0,XBI.NYSE-1-HOUR-LAST-EXTERNAL
2022-10-21 15:55:00,77.739997,77.93,77.639999,77.879997,88118.0,XBI.NYSE-1-HOUR-LAST-EXTERNAL
2022-10-21 16:55:00,78.519996,78.669998,78.309997,78.309997,110361.0,XBI.NYSE-1-HOUR-LAST-EXTERNAL
2022-10-21 17:55:00,78.819999,78.830001,78.650001,78.720001,99376.0,XBI.NYSE-1-HOUR-LAST-EXTERNAL
2022-10-21 18:55:00,78.050003,78.169998,78.025001,78.099998,73230.0,XBI.NYSE-1-HOUR-LAST-EXTERNAL
2022-10-21 19:55:00,78.910003,78.949996,78.75,78.870002,584458.0,XBI.NYSE-1-HOUR-LAST-EXTERNAL
2022-10-24 13:55:00,78.260002,78.683998,78.239997,78.339996,117165.0,XBI.NYSE-1-HOUR-LAST-EXTERNAL
2022-10-24 14:55:00,77.919998,77.959999,77.559997,77.620002,73909.0,XBI.NYSE-1-HOUR-LAST-EXTERNAL
2022-10-24 15:55:00,78.379997,78.599998,78.29,78.550003,105667.0,XBI.NYSE-1-HOUR-LAST-EXTERNAL
2022-10-24 16:55:00,78.514999,78.519996,78.339996,78.36,36135.0,XBI.NYSE-1-HOUR-LAST-EXTERNAL
2022-10-24 17:55:00,77.900001,77.93,77.779998,77.849998,37716.0,XBI.NYSE-1-HOUR-LAST-EXTERNAL
2022-10-24 18:55:00,78.019996,78.220001,77.980003,78.160003,70273.0,XBI.NYSE-1-HOUR-LAST-EXTERNAL
2022-10-24 19:55:00,78.599998,78.650001,78.43,78.470001,299029.0,XBI.NYSE-1-HOUR-LAST-EXTERNAL
2022-10-25 13:55:00,80.690002,80.889999,80.599998,80.629997,211655.0,XBI.NYSE-1-HOUR-LAST-EXTERNAL
2022-10-25 14:55:00,80.660003,80.779998,80.589996,80.644996,148628.0,XBI.NYSE-1-HOUR-LAST-EXTERNAL
2022-10-25 15:55:00,80.970001,80.970001,80.779998,80.779998,41030.0,XBI.NYSE-1-HOUR-LAST-EXTERNAL
2022-10-25 16:55:00,80.559997,80.569999,80.36,80.449996,48990.0,XBI.NYSE-1-HOUR-LAST-EXTERNAL
2022-10-25 17:55:00,80.449996,80.54,80.389999,80.510803,62685.0,XBI.NYSE-1-HOUR-LAST-EXTERNAL
2022-10-25 18:55:00,80.800003,80.830001,80.644996,80.650001,68526.0,XBI.NYSE-1-HOUR-LAST-EXTERNAL
2022-10-25 19:55:00,80.875,80.900001,80.510002,80.580001,424657.0,XBI.NYSE-1-HOUR-LAST-EXTERNAL
2022-10-26 13:55:00,81.970001,82.239997,81.959999,81.959999,189711.0,XBI.NYSE-1-HOUR-LAST-EXTERNAL
2022-10-26 14:55:00,83.470001,83.510002,83.199996,83.220001,108860.0,XBI.NYSE-1-HOUR-LAST-EXTERNAL
2022-10-26 15:55:00,83.485,83.660003,83.480003,83.650001,102398.0,XBI.NYSE-1-HOUR-LAST-EXTERNAL
2022-10-26 16:55:00,82.730003,82.839996,82.559997,82.699996,311677.0,XBI.NYSE-1-HOUR-LAST-EXTERNAL
2022-10-26 17:55:00,82.470001,82.470001,82.300003,82.440002,92676.0,XBI.NYSE-1-HOUR-LAST-EXTERNAL
2022-10-26 18:55:00,81.489997,81.589996,81.319999,81.489997,9729518.0,XBI.NYSE-1-HOUR-LAST-EXTERNAL
2022-10-26 19:55:00,82.230003,82.254997,81.889999,81.919998,442316.0,XBI.NYSE-1-HOUR-LAST-EXTERNAL
2022-10-27 13:55:00,81.220001,81.305,80.839996,81.069999,223667.0,XBI.NYSE-1-HOUR-LAST-EXTERNAL
2022-10-27 14:55:00,81.239997,81.25,80.654998,80.669998,122823.0,XBI.NYSE-1-HOUR-LAST-EXTERNAL
2022-10-27 15:55:00,81.380599,81.470001,81.209999,81.370002,63267.0,XBI.NYSE-1-HOUR-LAST-EXTERNAL
2022-10-27 16:55:00,81.808799,81.839996,81.650001,81.699996,38364.0,XBI.NYSE-1-HOUR-LAST-EXTERNAL
2022-10-27 17:55:00,81.620002,81.709999,81.580001,81.629997,27475.0,XBI.NYSE-1-HOUR-LAST-EXTERNAL
2022-10-27 18:55:00,81.220001,81.230003,80.864997,80.900001,87114.0,XBI.NYSE-1-HOUR-LAST-EXTERNAL
2022-10-27 19:55:00,80.875,80.970001,80.86,80.910003,365507.0,XBI.NYSE-1-HOUR-LAST-EXTERNAL
2022-10-28 13:55:00,81.440002,81.699996,81.29,81.319999,105373.0,XBI.NYSE-1-HOUR-LAST-EXTERNAL
2022-10-28 14:55:00,81.68,81.730003,81.510002,81.599998,111835.0,XBI.NYSE-1-HOUR-LAST-EXTERNAL
2022-10-28 15:55:00,82.089996,82.220001,81.93,81.949996,83262.0,XBI.NYSE-1-HOUR-LAST-EXTERNAL
2022-10-28 16:55:00,82.620002,82.620002,82.459999,82.489997,41108.0,XBI.NYSE-1-HOUR-LAST-EXTERNAL
2022-10-28 17:55:00,82.709999,82.709999,82.474998,82.489997,35456.0,XBI.NYSE-1-HOUR-LAST-EXTERNAL
2022-10-28 18:55:00,82.919998,83.010002,82.870002,83.0,153967.0,XBI.NYSE-1-HOUR-LAST-EXTERNAL
2022-10-28 19:55:00,83.869102,83.919998,83.690002,83.739997,540661.0,XBI.NYSE-1-HOUR-LAST-EXTERNAL
2022-10-31 13:55:00,82.629997,82.68,82.389999,82.459999,206316.0,XBI.NYSE-1-HOUR-LAST-EXTERNAL
2022-10-31 14:55:00,82.650001,82.720001,82.480003,82.529998,95752.0,XBI.NYSE-1-HOUR-LAST-EXTERNAL
2022-10-31 15:55:00,83.370002,83.459999,82.839996,82.910003,182231.0,XBI.NYSE-1-HOUR-LAST-EXTERNAL
2022-10-31 16:55:00,82.519996,82.690002,82.400001,82.639999,53605.0,XBI.NYSE-1-HOUR-LAST-EXTERNAL
2022-10-31 17:55:00,82.599998,82.690002,82.559997,82.660003,58896.0,XBI.NYSE-1-HOUR-LAST-EXTERNAL
2022-10-31 18:55:00,82.739997,82.785003,82.485,82.579902,71053.0,XBI.NYSE-1-HOUR-LAST-EXTERNAL
2022-10-31 19:55:00,82.120002,82.275001,82.069999,82.190002,767468.0,XBI.NYSE-1-HOUR-LAST-EXTERNAL
2022-11-01 13:55:00,83.919998,84.160003,83.819999,84.029998,282465.0,XBI.NYSE-1-HOUR-LAST-EXTERNAL
2022-11-01 14:55:00,82.959999,83.0,82.559997,82.760002,79532.0,XBI.NYSE-1-HOUR-LAST-EXTERNAL
2022-11-01 15:55:00,82.940002,82.980003,82.79,82.919998,47697.0,XBI.NYSE-1-HOUR-LAST-EXTERNAL
2022-11-01 16:55:00,83.129997,83.194999,83.050003,83.18,51722.0,XBI.NYSE-1-HOUR-LAST-EXTERNAL
2022-11-01 17:55:00,83.139999,83.18,83.059997,83.160003,55124.0,XBI.NYSE-1-HOUR-LAST-EXTERNAL
2022-11-01 18:55:00,83.089996,83.29,83.089996,83.239997,53573.0,XBI.NYSE-1-HOUR-LAST-EXTERNAL
2022-11-01 19:55:00,82.900001,82.949996,82.819999,82.819999,620123.0,XBI.NYSE-1-HOUR-LAST-EXTERNAL
2022-11-02 13:55:00,81.690002,81.900001,81.470001,81.779998,196162.0,XBI.NYSE-1-HOUR-LAST-EXTERNAL
2022-11-02 14:55:00,82.86,82.940002,82.809997,82.839996,52412.0,XBI.NYSE-1-HOUR-LAST-EXTERNAL
2022-11-02 15:55:00,82.730003,82.764999,82.589996,82.620002,32052.0,XBI.NYSE-1-HOUR-LAST-EXTERNAL
2022-11-02 16:55:00,82.68,82.779998,82.639999,82.639999,72785.0,XBI.NYSE-1-HOUR-LAST-EXTERNAL
2022-11-02 17:55:00,82.870002,82.889999,82.800003,82.870002,67165.0,XBI.NYSE-1-HOUR-LAST-EXTERNAL
2022-11-02 18:55:00,82.529998,82.800003,82.370002,82.629997,255579.0,XBI.NYSE-1-HOUR-LAST-EXTERNAL
2022-11-02 19:55:00,81.400001,81.449996,81.11,81.190002,503449.0,XBI.NYSE-1-HOUR-LAST-EXTERNAL
2022-11-03 13:55:00,80.269996,80.379997,80.029998,80.239997,78225.0,XBI.NYSE-1-HOUR-LAST-EXTERNAL
2022-11-03 14:55:00,81.970001,82.059997,81.86,82.010002,109356.0,XBI.NYSE-1-HOUR-LAST-EXTERNAL
2022-11-03 15:55:00,80.669998,80.800003,80.629997,80.660003,86297.0,XBI.NYSE-1-HOUR-LAST-EXTERNAL
2022-11-03 16:55:00,81.18,81.279998,81.114997,81.114997,49100.0,XBI.NYSE-1-HOUR-LAST-EXTERNAL
2022-11-03 17:55:00,80.79,80.839996,80.629997,80.650001,97924.0,XBI.NYSE-1-HOUR-LAST-EXTERNAL
2022-11-03 18:55:00,80.885002,81.055,80.830497,81.055,82112.0,XBI.NYSE-1-HOUR-LAST-EXTERNAL
2022-11-03 19:55:00,80.845001,80.870002,80.620002,80.625,603856.0,XBI.NYSE-1-HOUR-LAST-EXTERNAL
2022-11-04 13:55:00,79.800003,79.949996,79.54,79.779998,262212.0,XBI.NYSE-1-HOUR-LAST-EXTERNAL
2022-11-04 14:55:00,80.720001,80.86,80.480003,80.629997,61211.0,XBI.NYSE-1-HOUR-LAST-EXTERNAL
2022-11-04 15:55:00,79.230003,79.349998,78.879997,78.93,258906.0,XBI.NYSE-1-HOUR-LAST-EXTERNAL
2022-11-04 16:55:00,79.059997,79.150001,78.970001,79.004997,64374.0,XBI.NYSE-1-HOUR-LAST-EXTERNAL
2022-11-04 17:55:00,78.550003,78.550003,78.339996,78.370002,95701.0,XBI.NYSE-1-HOUR-LAST-EXTERNAL
2022-11-04 18:55:00,78.775001,79.019996,78.775001,78.86,111369.0,XBI.NYSE-1-HOUR-LAST-EXTERNAL
2022-11-04 19:55:00,79.480003,80.010002,79.470001,80.010002,430136.0,XBI.NYSE-1-HOUR-LAST-EXTERNAL
2022-11-07 14:55:00,78.959999,79.160003,78.800003,79.080001,178395.0,XBI.NYSE-1-HOUR-LAST-EXTERNAL
2022-11-07 15:55:00,79.619903,79.629997,79.459999,79.629997,69710.0,XBI.NYSE-1-HOUR-LAST-EXTERNAL
2022-11-07 16:55:00,79.839996,79.870002,79.54,79.54,68909.0,XBI.NYSE-1-HOUR-LAST-EXTERNAL
2022-11-07 17:55:00,79.349998,79.43,79.29,79.43,31865.0,XBI.NYSE-1-HOUR-LAST-EXTERNAL
2022-11-07 18:55:00,79.11,79.214996,79.069999,79.18,41576.0,XBI.NYSE-1-HOUR-LAST-EXTERNAL
2022-11-07 19:55:00,79.809997,79.839996,79.620002,79.684997,94933.0,XBI.NYSE-1-HOUR-LAST-EXTERNAL
2022-11-07 20:55:00,79.319999,79.319999,79.019996,79.129997,515812.0,XBI.NYSE-1-HOUR-LAST-EXTERNAL
2022-11-08 14:55:00,80.190002,80.330001,80.0,80.25,258532.0,XBI.NYSE-1-HOUR-LAST-EXTERNAL
2022-11-08 15:55:00,80.565002,80.724998,80.565002,80.584999,74418.0,XBI.NYSE-1-HOUR-LAST-EXTERNAL
2022-11-08 16:55:00,81.11,81.260002,81.020103,81.020103,223577.0,XBI.NYSE-1-HOUR-LAST-EXTERNAL
2022-11-08 17:55:00,80.779998,80.919998,80.779998,80.839996,37495.0,XBI.NYSE-1-HOUR-LAST-EXTERNAL
2022-11-08 18:55:00,79.710098,79.739997,79.389999,79.510002,118532.0,XBI.NYSE-1-HOUR-LAST-EXTERNAL
2022-11-08 19:55:00,79.5,79.504997,79.209999,79.209999,71125.0,XBI.NYSE-1-HOUR-LAST-EXTERNAL
2022-11-08 20:55:00,80.160003,80.18,79.800003,79.839996,401943.0,XBI.NYSE-1-HOUR-LAST-EXTERNAL
2022-11-09 14:55:00,78.93,79.04,78.650001,78.940002,204340.0,XBI.NYSE-1-HOUR-LAST-EXTERNAL
2022-11-09 15:55:00,78.559997,78.629997,78.300003,78.36,170649.0,XBI.NYSE-1-HOUR-LAST-EXTERNAL
2022-11-09 16:55:00,79.150001,79.220001,78.889999,78.949996,73103.0,XBI.NYSE-1-HOUR-LAST-EXTERNAL
2022-11-09 17:55:00,78.830001,78.970001,78.809997,78.959999,50972.0,XBI.NYSE-1-HOUR-LAST-EXTERNAL
2022-11-09 18:55:00,78.209999,78.29,78.18,78.29,83829.0,XBI.NYSE-1-HOUR-LAST-EXTERNAL
2022-11-09 19:55:00,77.730003,77.845001,77.720001,77.834999,108983.0,XBI.NYSE-1-HOUR-LAST-EXTERNAL
2022-11-09 20:55:00,77.269996,77.309997,77.114997,77.190002,1038289.0,XBI.NYSE-1-HOUR-LAST-EXTERNAL
2022-11-10 14:55:00,81.120002,81.720001,81.120002,81.690002,470060.0,XBI.NYSE-1-HOUR-LAST-EXTERNAL
2022-11-10 15:55:00,80.86,81.160003,80.709999,81.11,149104.0,XBI.NYSE-1-HOUR-LAST-EXTERNAL
2022-11-10 16:55:00,81.599998,81.739997,81.54,81.720001,130382.0,XBI.NYSE-1-HOUR-LAST-EXTERNAL
2022-11-10 17:55:00,81.199996,81.29,81.129997,81.260002,143601.0,XBI.NYSE-1-HOUR-LAST-EXTERNAL
2022-11-10 18:55:00,81.839996,81.940002,81.809997,81.93,90787.0,XBI.NYSE-1-HOUR-LAST-EXTERNAL
2022-11-10 19:55:00,82.425003,82.449996,82.349998,82.404998,221370.0,XBI.NYSE-1-HOUR-LAST-EXTERNAL
2022-11-10 20:55:00,83.489997,83.489997,83.059997,83.18,950559.0,XBI.NYSE-1-HOUR-LAST-EXTERNAL
2022-11-11 14:55:00,83.779998,83.970001,83.660003,83.809997,144838.0,XBI.NYSE-1-HOUR-LAST-EXTERNAL
2022-11-11 15:55:00,84.419998,84.5,84.080001,84.125,282329.0,XBI.NYSE-1-HOUR-LAST-EXTERNAL
2022-11-11 16:55:00,83.419998,83.470001,83.220001,83.224998,109392.0,XBI.NYSE-1-HOUR-LAST-EXTERNAL
2022-11-11 17:55:00,83.440002,83.614997,83.419998,83.580001,62404.0,XBI.NYSE-1-HOUR-LAST-EXTERNAL
2022-11-11 18:55:00,84.29,84.370002,84.25,84.330001,50887.0,XBI.NYSE-1-HOUR-LAST-EXTERNAL
2022-11-11 19:55:00,85.529998,85.584999,85.449996,85.580001,173928.0,XBI.NYSE-1-HOUR-LAST-EXTERNAL
2022-11-11 20:55:00,85.010002,85.014999,84.75,84.819999,765184.0,XBI.NYSE-1-HOUR-LAST-EXTERNAL
2022-11-14 14:55:00,84.5,84.550003,84.059997,84.268997,142764.0,XBI.NYSE-1-HOUR-LAST-EXTERNAL
2022-11-14 15:55:00,85.510002,85.580001,85.239997,85.364997,113736.0,XBI.NYSE-1-HOUR-LAST-EXTERNAL
2022-11-14 16:55:00,85.080001,85.165,84.940002,84.964996,91583.0,XBI.NYSE-1-HOUR-LAST-EXTERNAL
2022-11-14 17:55:00,85.339996,85.379997,85.230003,85.330001,45306.0,XBI.NYSE-1-HOUR-LAST-EXTERNAL
2022-11-14 18:55:00,85.839996,85.934997,85.800003,85.93,97330.0,XBI.NYSE-1-HOUR-LAST-EXTERNAL
2022-11-14 19:55:00,85.529998,85.620002,85.449996,85.529998,84867.0,XBI.NYSE-1-HOUR-LAST-EXTERNAL
2022-11-14 20:55:00,84.569999,84.569999,84.0,84.050003,641461.0,XBI.NYSE-1-HOUR-LAST-EXTERNAL
2022-11-15 14:55:00,85.440002,85.760002,85.419998,85.739997,221916.0,XBI.NYSE-1-HOUR-LAST-EXTERNAL
2022-11-15 15:55:00,85.04,85.099998,84.86,84.959999,173481.0,XBI.NYSE-1-HOUR-LAST-EXTERNAL
2022-11-15 16:55:00,84.61,84.720001,84.449996,84.660003,111864.0,XBI.NYSE-1-HOUR-LAST-EXTERNAL
2022-11-15 17:55:00,84.165,84.410003,84.080001,84.394996,146086.0,XBI.NYSE-1-HOUR-LAST-EXTERNAL
2022-11-15 18:55:00,83.440002,83.620002,83.309997,83.43,102958.0,XBI.NYSE-1-HOUR-LAST-EXTERNAL
2022-11-15 19:55:00,83.690002,84.220001,83.620597,84.059997,149396.0,XBI.NYSE-1-HOUR-LAST-EXTERNAL
2022-11-15 20:55:00,83.940002,84.010002,83.669998,83.870002,496027.0,XBI.NYSE-1-HOUR-LAST-EXTERNAL
2022-11-16 14:55:00,82.940101,83.150001,82.690002,82.699996,176480.0,XBI.NYSE-1-HOUR-LAST-EXTERNAL
2022-11-16 15:55:00,82.050003,82.25,82.010002,82.230003,125931.0,XBI.NYSE-1-HOUR-LAST-EXTERNAL
2022-11-16 16:55:00,82.449996,82.550003,82.36,82.379997,63866.0,XBI.NYSE-1-HOUR-LAST-EXTERNAL
2022-11-16 17:55:00,82.510002,82.510002,82.29,82.29,48392.0,XBI.NYSE-1-HOUR-LAST-EXTERNAL
2022-11-16 18:55:00,81.86,81.989997,81.830001,81.973602,63888.0,XBI.NYSE-1-HOUR-LAST-EXTERNAL
2022-11-16 19:55:00,81.79,81.970001,81.774299,81.940002,60056.0,XBI.NYSE-1-HOUR-LAST-EXTERNAL
2022-11-16 20:55:00,81.819999,81.824996,81.43,81.5,789044.0,XBI.NYSE-1-HOUR-LAST-EXTERNAL
2022-11-17 14:55:00,80.0,80.019996,79.760002,79.830001,220918.0,XBI.NYSE-1-HOUR-LAST-EXTERNAL
2022-11-17 15:55:00,79.629997,79.709999,79.569999,79.599998,74287.0,XBI.NYSE-1-HOUR-LAST-EXTERNAL
2022-11-17 16:55:00,79.93,80.400001,79.93,80.379997,137521.0,XBI.NYSE-1-HOUR-LAST-EXTERNAL
2022-11-17 17:55:00,80.940002,81.080001,80.839996,81.04,93382.0,XBI.NYSE-1-HOUR-LAST-EXTERNAL
2022-11-17 18:55:00,80.419998,80.459999,80.389999,80.410003,49695.0,XBI.NYSE-1-HOUR-LAST-EXTERNAL
2022-11-17 19:55:00,80.25,80.269996,80.089996,80.105003,75810.0,XBI.NYSE-1-HOUR-LAST-EXTERNAL
2022-11-17 20:55:00,80.379997,80.599998,80.260002,80.54,478322.0,XBI.NYSE-1-HOUR-LAST-EXTERNAL
2022-11-18 14:55:00,81.440002,81.620002,81.235,81.370002,1820620.0,XBI.NYSE-1-HOUR-LAST-EXTERNAL
2022-11-18 15:55:00,81.739997,81.75,81.286399,81.370002,92327.0,XBI.NYSE-1-HOUR-LAST-EXTERNAL
2022-11-18 16:55:00,81.440002,81.5,81.29,81.330001,56229.0,XBI.NYSE-1-HOUR-LAST-EXTERNAL
2022-11-18 17:55:00,80.809997,81.069999,80.800003,81.04,48232.0,XBI.NYSE-1-HOUR-LAST-EXTERNAL
2022-11-18 18:55:00,80.580001,80.720001,80.550003,80.720001,29619.0,XBI.NYSE-1-HOUR-LAST-EXTERNAL
2022-11-18 19:55:00,80.580001,80.669998,80.54,80.639999,48385.0,XBI.NYSE-1-HOUR-LAST-EXTERNAL
2022-11-18 20:55:00,80.980003,81.069999,80.849998,81.029998,304229.0,XBI.NYSE-1-HOUR-LAST-EXTERNAL
2022-11-21 14:55:00,80.68,80.729896,80.389999,80.499,104769.0,XBI.NYSE-1-HOUR-LAST-EXTERNAL
2022-11-21 15:55:00,80.305,80.61,80.305,80.580001,53978.0,XBI.NYSE-1-HOUR-LAST-EXTERNAL
2022-11-21 16:55:00,80.169998,80.169998,79.809997,79.86,96017.0,XBI.NYSE-1-HOUR-LAST-EXTERNAL
2022-11-21 17:55:00,79.86,79.889999,79.675003,79.730003,35461.0,XBI.NYSE-1-HOUR-LAST-EXTERNAL
2022-11-21 18:55:00,80.04,80.080001,79.949996,79.949996,20116.0,XBI.NYSE-1-HOUR-LAST-EXTERNAL
2022-11-21 19:55:00,79.870002,79.93,79.769996,79.769996,37460.0,XBI.NYSE-1-HOUR-LAST-EXTERNAL
2022-11-21 20:55:00,79.980003,79.980003,79.75,79.879997,364964.0,XBI.NYSE-1-HOUR-LAST-EXTERNAL
2022-11-22 14:55:00,79.519996,79.589996,79.330001,79.410003,69540.0,XBI.NYSE-1-HOUR-LAST-EXTERNAL
2022-11-22 15:55:00,79.889999,80.0,79.769996,79.919998,63545.0,XBI.NYSE-1-HOUR-LAST-EXTERNAL
2022-11-22 16:55:00,79.714996,79.800003,79.690002,79.779998,25801.0,XBI.NYSE-1-HOUR-LAST-EXTERNAL
2022-11-22 17:55:00,79.580001,79.620002,79.569999,79.569999,12363.0,XBI.NYSE-1-HOUR-LAST-EXTERNAL
2022-11-22 18:55:00,79.709999,79.709999,79.559997,79.599998,33082.0,XBI.NYSE-1-HOUR-LAST-EXTERNAL
2022-11-22 19:55:00,79.847602,79.849998,79.705001,79.730003,42128.0,XBI.NYSE-1-HOUR-LAST-EXTERNAL
2022-11-22 20:55:00,81.029998,81.069999,80.949996,80.989997,725364.0,XBI.NYSE-1-HOUR-LAST-EXTERNAL
2022-11-23 14:55:00,82.050003,82.059997,81.879997,82.019996,222288.0,XBI.NYSE-1-HOUR-LAST-EXTERNAL
2022-11-23 15:55:00,81.580001,81.629997,81.485,81.54,35955.0,XBI.NYSE-1-HOUR-LAST-EXTERNAL
2022-11-23 16:55:00,80.559997,80.639999,80.400001,80.620002,93349.0,XBI.NYSE-1-HOUR-LAST-EXTERNAL
2022-11-23 17:55:00,80.580001,80.620002,80.379997,80.550003,37647.0,XBI.NYSE-1-HOUR-LAST-EXTERNAL
2022-11-23 18:55:00,80.889999,80.980003,80.839996,80.959999,35232.0,XBI.NYSE-1-HOUR-LAST-EXTERNAL
2022-11-23 19:55:00,81.529998,81.559997,81.449996,81.449996,69612.0,XBI.NYSE-1-HOUR-LAST-EXTERNAL
2022-11-23 20:55:00,81.114997,81.114997,80.949996,81.0,311388.0,XBI.NYSE-1-HOUR-LAST-EXTERNAL
2022-11-25 14:55:00,80.830001,80.910003,80.660003,80.739997,56914.0,XBI.NYSE-1-HOUR-LAST-EXTERNAL
2022-11-25 15:55:00,80.919998,81.120002,80.86,81.019996,47132.0,XBI.NYSE-1-HOUR-LAST-EXTERNAL
2022-11-25 16:55:00,81.169998,81.18,81.019996,81.029998,23571.0,XBI.NYSE-1-HOUR-LAST-EXTERNAL
2022-11-25 17:55:00,80.889999,80.889999,80.855003,80.879997,3562.0,XBI.NYSE-1-HOUR-LAST-EXTERNAL
2022-11-28 14:55:00,81.480003,81.550003,81.220001,81.449996,105132.0,XBI.NYSE-1-HOUR-LAST-EXTERNAL
2022-11-28 15:55:00,80.61,80.620002,80.43,80.529998,113513.0,XBI.NYSE-1-HOUR-LAST-EXTERNAL
2022-11-28 16:55:00,80.240097,80.260002,80.175003,80.18,126494.0,XBI.NYSE-1-HOUR-LAST-EXTERNAL
2022-11-28 17:55:00,80.239997,80.29,80.18,80.199996,31847.0,XBI.NYSE-1-HOUR-LAST-EXTERNAL
2022-11-28 18:55:00,80.0,80.010002,79.870002,79.894996,83255.0,XBI.NYSE-1-HOUR-LAST-EXTERNAL
2022-11-28 19:55:00,79.779998,79.839996,79.739997,79.779998,43033.0,XBI.NYSE-1-HOUR-LAST-EXTERNAL
2022-11-28 20:55:00,79.529998,79.669998,79.5,79.629997,393639.0,XBI.NYSE-1-HOUR-LAST-EXTERNAL
2022-11-29 14:55:00,80.199996,80.510002,80.089996,80.29,127645.0,XBI.NYSE-1-HOUR-LAST-EXTERNAL
2022-11-29 15:55:00,80.269996,80.470001,80.220001,80.319999,55068.0,XBI.NYSE-1-HOUR-LAST-EXTERNAL
2022-11-29 16:55:00,80.019996,80.230003,80.019996,80.150001,59679.0,XBI.NYSE-1-HOUR-LAST-EXTERNAL
2022-11-29 17:55:00,80.150001,80.18,80.069999,80.099998,27534.0,XBI.NYSE-1-HOUR-LAST-EXTERNAL
2022-11-29 18:55:00,80.019996,80.059997,79.989997,80.010002,20691.0,XBI.NYSE-1-HOUR-LAST-EXTERNAL
2022-11-29 19:55:00,79.944999,79.989997,79.889999,79.919998,5155456.0,XBI.NYSE-1-HOUR-LAST-EXTERNAL
2022-11-29 20:55:00,79.849998,80.028999,79.845001,79.970001,225543.0,XBI.NYSE-1-HOUR-LAST-EXTERNAL
2022-11-30 14:55:00,81.730003,81.75,81.489997,81.68,187666.0,XBI.NYSE-1-HOUR-LAST-EXTERNAL
2022-11-30 15:55:00,81.160003,81.245498,81.059997,81.069999,36456.0,XBI.NYSE-1-HOUR-LAST-EXTERNAL
2022-11-30 16:55:00,80.769996,80.839996,80.739997,80.819999,39874.0,XBI.NYSE-1-HOUR-LAST-EXTERNAL
2022-11-30 17:55:00,80.650001,80.745002,80.629997,80.739997,20657.0,XBI.NYSE-1-HOUR-LAST-EXTERNAL
2022-11-30 18:55:00,81.639999,82.220001,81.629997,82.190002,237568.0,XBI.NYSE-1-HOUR-LAST-EXTERNAL
2022-11-30 19:55:00,82.629997,82.779998,82.529998,82.724998,252873.0,XBI.NYSE-1-HOUR-LAST-EXTERNAL
2022-11-30 20:55:00,83.650001,83.779998,83.595001,83.620002,1007424.0,XBI.NYSE-1-HOUR-LAST-EXTERNAL
2022-12-01 14:55:00,83.529998,83.870002,83.529998,83.650001,133944.0,XBI.NYSE-1-HOUR-LAST-EXTERNAL
2022-12-01 15:55:00,83.0,83.279998,82.93,83.269996,60350.0,XBI.NYSE-1-HOUR-LAST-EXTERNAL
2022-12-01 16:55:00,83.339996,83.5,83.29,83.495002,45229.0,XBI.NYSE-1-HOUR-LAST-EXTERNAL
2022-12-01 17:55:00,82.61,82.709999,82.529998,82.665,140233.0,XBI.NYSE-1-HOUR-LAST-EXTERNAL
2022-12-01 18:55:00,82.629997,82.690002,82.580001,82.580001,60204.0,XBI.NYSE-1-HOUR-LAST-EXTERNAL
2022-12-01 19:55:00,82.910003,82.925003,82.849998,82.910003,59083.0,XBI.NYSE-1-HOUR-LAST-EXTERNAL
2022-12-01 20:55:00,83.04,83.139999,82.989997,83.11,555296.0,XBI.NYSE-1-HOUR-LAST-EXTERNAL
2022-12-02 14:55:00,82.459999,82.900001,82.459999,82.824996,131313.0,XBI.NYSE-1-HOUR-LAST-EXTERNAL
2022-12-02 15:55:00,83.809997,83.809997,83.440002,83.440002,2959895.0,XBI.NYSE-1-HOUR-LAST-EXTERNAL
2022-12-02 16:55:00,84.330001,84.449996,84.245002,84.254997,47404.0,XBI.NYSE-1-HOUR-LAST-EXTERNAL
2022-12-02 17:55:00,84.308998,84.349998,84.060096,84.120002,75492.0,XBI.NYSE-1-HOUR-LAST-EXTERNAL
2022-12-02 18:55:00,84.379997,84.519996,84.349998,84.470001,51616.0,XBI.NYSE-1-HOUR-LAST-EXTERNAL
2022-12-02 19:55:00,85.039901,85.150001,85.029998,85.089996,122556.0,XBI.NYSE-1-HOUR-LAST-EXTERNAL
2022-12-02 20:55:00,85.779998,85.830001,85.639999,85.660003,969705.0,XBI.NYSE-1-HOUR-LAST-EXTERNAL
2022-12-05 14:55:00,84.25,84.36,83.989997,84.084999,132385.0,XBI.NYSE-1-HOUR-LAST-EXTERNAL
2022-12-05 15:55:00,83.879997,83.959999,83.639999,83.79,78547.0,XBI.NYSE-1-HOUR-LAST-EXTERNAL
2022-12-05 16:55:00,83.43,83.459999,83.25,83.260002,71253.0,XBI.NYSE-1-HOUR-LAST-EXTERNAL
2022-12-05 17:55:00,83.379997,83.459999,83.341102,83.400001,38125.0,XBI.NYSE-1-HOUR-LAST-EXTERNAL
2022-12-05 18:55:00,83.139999,83.139999,82.86,82.934501,112296.0,XBI.NYSE-1-HOUR-LAST-EXTERNAL
2022-12-05 19:55:00,83.010002,83.010002,82.839996,82.959999,62711.0,XBI.NYSE-1-HOUR-LAST-EXTERNAL
2022-12-05 20:55:00,82.730003,82.940002,82.620002,82.910003,515288.0,XBI.NYSE-1-HOUR-LAST-EXTERNAL
2022-12-06 14:55:00,81.550003,81.75,81.345001,81.36,138970.0,XBI.NYSE-1-HOUR-LAST-EXTERNAL
2022-12-06 15:55:00,81.495002,81.54,81.385002,81.459999,43399.0,XBI.NYSE-1-HOUR-LAST-EXTERNAL
2022-12-06 16:55:00,80.980003,81.139999,80.919998,80.93,86954.0,XBI.NYSE-1-HOUR-LAST-EXTERNAL
2022-12-06 17:55:00,80.879997,80.910003,80.754997,80.797996,44335.0,XBI.NYSE-1-HOUR-LAST-EXTERNAL
2022-12-06 18:55:00,80.269996,80.315002,80.18,80.279998,90327.0,XBI.NYSE-1-HOUR-LAST-EXTERNAL
2022-12-06 19:55:00,80.529998,80.61,80.499603,80.510002,58195.0,XBI.NYSE-1-HOUR-LAST-EXTERNAL
2022-12-06 20:55:00,80.514999,80.629997,80.459999,80.599998,674065.0,XBI.NYSE-1-HOUR-LAST-EXTERNAL
2022-12-07 14:55:00,80.980003,81.160003,80.889999,81.069999,197981.0,XBI.NYSE-1-HOUR-LAST-EXTERNAL
2022-12-07 15:55:00,81.389999,81.480003,81.339996,81.389999,37833.0,XBI.NYSE-1-HOUR-LAST-EXTERNAL
2022-12-07 16:55:00,81.029998,81.370002,80.989997,81.300003,98997.0,XBI.NYSE-1-HOUR-LAST-EXTERNAL
2022-12-07 17:55:00,81.519996,81.54,81.379997,81.389999,38022.0,XBI.NYSE-1-HOUR-LAST-EXTERNAL
2022-12-07 18:55:00,81.319999,81.339996,81.209999,81.209999,16734.0,XBI.NYSE-1-HOUR-LAST-EXTERNAL
2022-12-07 19:55:00,81.18,81.190002,81.089996,81.160003,39634.0,XBI.NYSE-1-HOUR-LAST-EXTERNAL
2022-12-07 20:55:00,81.169998,81.184997,81.069999,81.080001,265304.0,XBI.NYSE-1-HOUR-LAST-EXTERNAL
2022-12-08 14:55:00,81.36,81.389999,81.089996,81.370002,138418.0,XBI.NYSE-1-HOUR-LAST-EXTERNAL
2022-12-08 15:55:00,81.690002,81.830001,81.629997,81.75,63237.0,XBI.NYSE-1-HOUR-LAST-EXTERNAL
2022-12-08 16:55:00,81.574996,81.599998,81.459999,81.470001,52676.0,XBI.NYSE-1-HOUR-LAST-EXTERNAL
2022-12-08 17:55:00,81.440002,81.480003,81.419998,81.449996,60602.0,XBI.NYSE-1-HOUR-LAST-EXTERNAL
2022-12-08 18:55:00,81.93,81.959999,81.86,81.889999,30730.0,XBI.NYSE-1-HOUR-LAST-EXTERNAL
2022-12-08 19:55:00,81.485,81.54,81.370002,81.410003,41191.0,XBI.NYSE-1-HOUR-LAST-EXTERNAL
2022-12-08 20:55:00,81.480003,81.620002,81.425003,81.580001,377258.0,XBI.NYSE-1-HOUR-LAST-EXTERNAL
2022-12-09 14:55:00,80.730003,80.86,80.669998,80.809997,138056.0,XBI.NYSE-1-HOUR-LAST-EXTERNAL
2022-12-09 15:55:00,80.849998,81.069999,80.809997,81.050003,55948.0,XBI.NYSE-1-HOUR-LAST-EXTERNAL
2022-12-09 16:55:00,80.629997,80.720001,80.569999,80.669998,45225.0,XBI.NYSE-1-HOUR-LAST-EXTERNAL
2022-12-09 17:55:00,80.400001,80.425003,80.330001,80.370002,40677.0,XBI.NYSE-1-HOUR-LAST-EXTERNAL
2022-12-09 18:55:00,80.269996,80.29,80.150001,80.199996,33113.0,XBI.NYSE-1-HOUR-LAST-EXTERNAL
2022-12-09 19:55:00,80.209999,80.269996,80.175003,80.224998,55123.0,XBI.NYSE-1-HOUR-LAST-EXTERNAL
2022-12-09 20:55:00,79.660003,79.665,79.525001,79.550003,448733.0,XBI.NYSE-1-HOUR-LAST-EXTERNAL
2022-12-12 14:55:00,79.580001,79.844703,79.54,79.809997,128614.0,XBI.NYSE-1-HOUR-LAST-EXTERNAL
2022-12-12 15:55:00,80.730003,80.800003,80.580001,80.68,79194.0,XBI.NYSE-1-HOUR-LAST-EXTERNAL
2022-12-12 16:55:00,80.809997,80.940002,80.800003,80.879997,165151.0,XBI.NYSE-1-HOUR-LAST-EXTERNAL
2022-12-12 17:55:00,81.269996,81.389999,81.269996,81.300003,59253.0,XBI.NYSE-1-HOUR-LAST-EXTERNAL
2022-12-12 18:55:00,81.279998,81.375,81.279998,81.351997,40921.0,XBI.NYSE-1-HOUR-LAST-EXTERNAL
2022-12-12 19:55:00,81.199996,81.339996,81.199996,81.305,58705.0,XBI.NYSE-1-HOUR-LAST-EXTERNAL
2022-12-12 20:55:00,81.510002,81.635002,81.459999,81.519996,553625.0,XBI.NYSE-1-HOUR-LAST-EXTERNAL
2022-12-13 14:55:00,83.669998,83.779998,83.415,83.43,133195.0,XBI.NYSE-1-HOUR-LAST-EXTERNAL
2022-12-13 15:55:00,82.120002,82.199996,81.879997,82.129997,77887.0,XBI.NYSE-1-HOUR-LAST-EXTERNAL
2022-12-13 16:55:00,81.660003,81.739997,81.370002,81.720001,74724.0,XBI.NYSE-1-HOUR-LAST-EXTERNAL
2022-12-13 17:55:00,81.660003,81.849998,81.629997,81.819999,156590.0,XBI.NYSE-1-HOUR-LAST-EXTERNAL
2022-12-13 18:55:00,82.36,82.510002,82.349998,82.470001,70292.0,XBI.NYSE-1-HOUR-LAST-EXTERNAL
2022-12-13 19:55:00,82.870002,82.949996,82.730003,82.879997,54899.0,XBI.NYSE-1-HOUR-LAST-EXTERNAL
2022-12-13 20:55:00,83.190002,83.190002,82.830001,82.849998,419917.0,XBI.NYSE-1-HOUR-LAST-EXTERNAL
2022-12-14 14:55:00,83.04,83.239997,82.970001,83.150001,127863.0,XBI.NYSE-1-HOUR-LAST-EXTERNAL
2022-12-14 15:55:00,83.889999,83.940002,83.709999,83.720001,52157.0,XBI.NYSE-1-HOUR-LAST-EXTERNAL
2022-12-14 16:55:00,83.370002,83.449996,83.339996,83.435897,48299.0,XBI.NYSE-1-HOUR-LAST-EXTERNAL
2022-12-14 17:55:00,83.129997,83.25,83.099998,83.179901,37635.0,XBI.NYSE-1-HOUR-LAST-EXTERNAL
2022-12-14 18:55:00,83.720001,83.819999,83.68,83.739997,126499.0,XBI.NYSE-1-HOUR-LAST-EXTERNAL
2022-12-14 19:55:00,82.940002,83.120002,82.800003,83.120002,214234.0,XBI.NYSE-1-HOUR-LAST-EXTERNAL
2022-12-14 20:55:00,83.400001,83.400001,83.080001,83.089996,370437.0,XBI.NYSE-1-HOUR-LAST-EXTERNAL
2022-12-15 14:55:00,82.11,82.190002,81.519996,81.599998,140946.0,XBI.NYSE-1-HOUR-LAST-EXTERNAL
2022-12-15 15:55:00,81.440002,81.504997,81.339996,81.489997,70339.0,XBI.NYSE-1-HOUR-LAST-EXTERNAL
2022-12-15 16:55:00,81.580001,81.599998,81.300003,81.319999,70892.0,XBI.NYSE-1-HOUR-LAST-EXTERNAL
2022-12-15 17:55:00,81.089996,81.139999,80.925003,80.949996,92294.0,XBI.NYSE-1-HOUR-LAST-EXTERNAL
2022-12-15 18:55:00,80.75,80.830001,80.709999,80.815002,64365.0,XBI.NYSE-1-HOUR-LAST-EXTERNAL
2022-12-15 19:55:00,80.900001,81.044998,80.839996,81.04,65599.0,XBI.NYSE-1-HOUR-LAST-EXTERNAL
2022-12-15 20:55:00,80.605003,80.730003,80.514999,80.699996,547745.0,XBI.NYSE-1-HOUR-LAST-EXTERNAL
2022-12-16 14:55:00,80.470001,80.480003,80.029998,80.04,167706.0,XBI.NYSE-1-HOUR-LAST-EXTERNAL
2022-12-16 15:55:00,79.489997,79.629997,79.449996,79.629997,65617.0,XBI.NYSE-1-HOUR-LAST-EXTERNAL
2022-12-16 16:55:00,79.75,79.769996,79.620002,79.620002,67106.0,XBI.NYSE-1-HOUR-LAST-EXTERNAL
2022-12-16 17:55:00,79.819999,79.849998,79.75,79.809997,49847.0,XBI.NYSE-1-HOUR-LAST-EXTERNAL
2022-12-16 18:55:00,80.18,80.190002,80.065002,80.139999,43094.0,XBI.NYSE-1-HOUR-LAST-EXTERNAL
2022-12-16 19:55:00,80.550003,80.754997,80.550003,80.605003,88576.0,XBI.NYSE-1-HOUR-LAST-EXTERNAL
2022-12-16 20:55:00,81.135002,81.199996,80.944999,80.944999,385242.0,XBI.NYSE-1-HOUR-LAST-EXTERNAL
2022-12-19 14:55:00,79.510002,79.769996,79.480003,79.660003,314366.0,XBI.NYSE-1-HOUR-LAST-EXTERNAL
2022-12-19 15:55:00,79.959999,80.019996,79.620002,79.654998,137021.0,XBI.NYSE-1-HOUR-LAST-EXTERNAL
2022-12-19 16:55:00,79.330703,79.36,79.279998,79.279998,119088.0,XBI.NYSE-1-HOUR-LAST-EXTERNAL
2022-12-19 17:55:00,79.415,79.489997,79.379997,79.472503,26774.0,XBI.NYSE-1-HOUR-LAST-EXTERNAL
2022-12-19 18:55:00,79.294998,79.300003,79.230003,79.269996,33240.0,XBI.NYSE-1-HOUR-LAST-EXTERNAL
2022-12-19 19:55:00,79.235,79.349998,79.235,79.29,79493.0,XBI.NYSE-1-HOUR-LAST-EXTERNAL
2022-12-19 20:55:00,79.389999,79.404998,79.279998,79.29,459069.0,XBI.NYSE-1-HOUR-LAST-EXTERNAL
2022-12-20 14:55:00,79.480003,79.870002,79.480003,79.75,187379.0,XBI.NYSE-1-HOUR-LAST-EXTERNAL
2022-12-20 15:55:00,80.080001,80.190002,80.0,80.089996,55438.0,XBI.NYSE-1-HOUR-LAST-EXTERNAL
2022-12-20 16:55:00,80.559997,80.745002,80.480003,80.690002,57801.0,XBI.NYSE-1-HOUR-LAST-EXTERNAL
2022-12-20 17:55:00,80.589996,80.650001,80.550003,80.580001,41658.0,XBI.NYSE-1-HOUR-LAST-EXTERNAL
2022-12-20 18:55:00,80.660003,80.720001,80.61,80.690002,54865.0,XBI.NYSE-1-HOUR-LAST-EXTERNAL
2022-12-20 19:55:00,80.845001,80.900001,80.819999,80.86,40963.0,XBI.NYSE-1-HOUR-LAST-EXTERNAL
2022-12-20 20:55:00,81.010002,81.084999,80.760002,80.769996,452182.0,XBI.NYSE-1-HOUR-LAST-EXTERNAL
2022-12-21 14:55:00,81.54,81.620002,81.309997,81.549896,244524.0,XBI.NYSE-1-HOUR-LAST-EXTERNAL
2022-12-21 15:55:00,83.029998,83.150001,83.010002,83.135002,205803.0,XBI.NYSE-1-HOUR-LAST-EXTERNAL
2022-12-21 16:55:00,82.605003,82.809997,82.535003,82.730003,86228.0,XBI.NYSE-1-HOUR-LAST-EXTERNAL
2022-12-21 17:55:00,82.550003,82.660003,82.529998,82.639999,12292141.0,XBI.NYSE-1-HOUR-LAST-EXTERNAL
2022-12-21 18:55:00,82.720001,82.760002,82.68,82.75,40342.0,XBI.NYSE-1-HOUR-LAST-EXTERNAL
2022-12-21 19:55:00,82.650001,82.669998,82.599998,82.635002,98941.0,XBI.NYSE-1-HOUR-LAST-EXTERNAL
2022-12-21 20:55:00,82.440002,82.635002,82.434997,82.529998,603554.0,XBI.NYSE-1-HOUR-LAST-EXTERNAL
2022-12-22 14:55:00,81.855003,81.989997,81.699996,81.819999,88332.0,XBI.NYSE-1-HOUR-LAST-EXTERNAL
2022-12-22 15:55:00,81.300003,81.330001,81.11,81.190002,35404.0,XBI.NYSE-1-HOUR-LAST-EXTERNAL
2022-12-22 16:55:00,81.569999,81.587097,81.43,81.569999,93805.0,XBI.NYSE-1-HOUR-LAST-EXTERNAL
2022-12-22 17:55:00,81.230003,81.260002,81.150001,81.230003,57743.0,XBI.NYSE-1-HOUR-LAST-EXTERNAL
2022-12-22 18:55:00,81.510002,81.599998,81.470001,81.544998,47018.0,XBI.NYSE-1-HOUR-LAST-EXTERNAL
2022-12-22 19:55:00,82.144996,82.29,82.120002,82.239997,74691.0,XBI.NYSE-1-HOUR-LAST-EXTERNAL
2022-12-22 20:55:00,82.730003,82.86,82.68,82.809997,410138.0,XBI.NYSE-1-HOUR-LAST-EXTERNAL
2022-12-23 14:55:00,81.080001,81.120002,80.889999,81.089996,181810.0,XBI.NYSE-1-HOUR-LAST-EXTERNAL
2022-12-23 15:55:00,81.510002,81.565002,81.04,81.04,74457.0,XBI.NYSE-1-HOUR-LAST-EXTERNAL
2022-12-23 16:55:00,80.760002,80.964996,80.705001,80.964996,86994.0,XBI.NYSE-1-HOUR-LAST-EXTERNAL
2022-12-23 17:55:00,80.555,80.639999,80.525001,80.639999,30998.0,XBI.NYSE-1-HOUR-LAST-EXTERNAL
2022-12-23 18:55:00,80.43,80.5,80.419998,80.489997,49373.0,XBI.NYSE-1-HOUR-LAST-EXTERNAL
2022-12-23 19:55:00,80.675003,80.754997,80.650001,80.730003,27083.0,XBI.NYSE-1-HOUR-LAST-EXTERNAL
2022-12-23 20:55:00,80.739997,80.919998,80.724998,80.889999,425487.0,XBI.NYSE-1-HOUR-LAST-EXTERNAL
2022-12-27 14:55:00,79.699996,79.79,79.650001,79.75,158472.0,XBI.NYSE-1-HOUR-LAST-EXTERNAL
2022-12-27 15:55:00,80.004997,80.004997,79.709999,79.769996,48399.0,XBI.NYSE-1-HOUR-LAST-EXTERNAL
2022-12-27 16:55:00,79.720001,79.75,79.580001,79.629997,97567.0,XBI.NYSE-1-HOUR-LAST-EXTERNAL
2022-12-27 17:55:00,79.36,79.5,79.309997,79.449996,47545.0,XBI.NYSE-1-HOUR-LAST-EXTERNAL
2022-12-27 18:55:00,79.018997,79.025001,78.870002,78.989997,99340.0,XBI.NYSE-1-HOUR-LAST-EXTERNAL
2022-12-27 19:55:00,78.785003,78.785003,78.660003,78.709999,78034.0,XBI.NYSE-1-HOUR-LAST-EXTERNAL
2022-12-27 20:55:00,78.61,78.620002,78.449996,78.559997,572240.0,XBI.NYSE-1-HOUR-LAST-EXTERNAL
2022-12-28 14:55:00,79.184997,79.410003,79.139999,79.339996,247334.0,XBI.NYSE-1-HOUR-LAST-EXTERNAL
2022-12-28 15:55:00,78.43,78.470001,78.150001,78.18,86816.0,XBI.NYSE-1-HOUR-LAST-EXTERNAL
2022-12-28 16:55:00,78.260002,78.309997,78.139999,78.230003,82336.0,XBI.NYSE-1-HOUR-LAST-EXTERNAL
2022-12-28 17:55:00,79.025001,79.349998,78.959999,79.260002,331962.0,XBI.NYSE-1-HOUR-LAST-EXTERNAL
2022-12-28 18:55:00,78.830001,78.849998,78.699996,78.800003,73944.0,XBI.NYSE-1-HOUR-LAST-EXTERNAL
2022-12-28 19:55:00,78.720001,78.75,78.620002,78.75,67973.0,XBI.NYSE-1-HOUR-LAST-EXTERNAL
2022-12-28 20:55:00,78.970001,78.970001,78.809997,78.830001,350576.0,XBI.NYSE-1-HOUR-LAST-EXTERNAL
2022-12-29 14:55:00,81.019996,81.11,80.900001,81.0,121020.0,XBI.NYSE-1-HOUR-LAST-EXTERNAL
2022-12-29 15:55:00,82.169998,82.519996,82.019996,82.449996,288255.0,XBI.NYSE-1-HOUR-LAST-EXTERNAL
2022-12-29 16:55:00,82.889999,83.129997,82.830001,83.080001,154279.0,XBI.NYSE-1-HOUR-LAST-EXTERNAL
2022-12-29 17:55:00,82.940002,82.940002,82.745002,82.800003,136585.0,XBI.NYSE-1-HOUR-LAST-EXTERNAL
2022-12-29 18:55:00,82.550003,82.654998,82.480003,82.639999,72046.0,XBI.NYSE-1-HOUR-LAST-EXTERNAL
2022-12-29 19:55:00,82.330001,82.330001,82.184997,82.220001,68156.0,XBI.NYSE-1-HOUR-LAST-EXTERNAL
2022-12-29 20:55:00,82.43,82.43,82.230003,82.230003,477301.0,XBI.NYSE-1-HOUR-LAST-EXTERNAL
2022-12-30 14:55:00,81.400001,81.775001,81.385002,81.769996,184430.0,XBI.NYSE-1-HOUR-LAST-EXTERNAL
2022-12-30 15:55:00,81.410003,81.569999,81.410003,81.474998,46054.0,XBI.NYSE-1-HOUR-LAST-EXTERNAL
2022-12-30 16:55:00,81.529998,81.580001,81.379997,81.580001,50107.0,XBI.NYSE-1-HOUR-LAST-EXTERNAL
2022-12-30 17:55:00,81.089996,81.260002,81.080001,81.248001,59670.0,XBI.NYSE-1-HOUR-LAST-EXTERNAL
2022-12-30 18:55:00,81.490097,81.5,81.370002,81.370002,54476.0,XBI.NYSE-1-HOUR-LAST-EXTERNAL
2022-12-30 19:55:00,81.605003,81.605003,81.410003,81.5,117324.0,XBI.NYSE-1-HOUR-LAST-EXTERNAL
2022-12-30 20:55:00,82.989997,83.129997,82.919998,83.04,1451478.0,XBI.NYSE-1-HOUR-LAST-EXTERNAL
2023-01-03 14:55:00,83.25,83.300003,82.995002,83.029998,208149.0,XBI.NYSE-1-HOUR-LAST-EXTERNAL
2023-01-03 15:55:00,82.68,82.980003,82.650001,82.940002,77213.0,XBI.NYSE-1-HOUR-LAST-EXTERNAL
2023-01-03 16:55:00,81.675003,81.830001,81.649902,81.739997,58886.0,XBI.NYSE-1-HOUR-LAST-EXTERNAL
2023-01-03 17:55:00,81.779998,81.959999,81.739997,81.889999,79142.0,XBI.NYSE-1-HOUR-LAST-EXTERNAL
2023-01-03 18:55:00,81.410003,81.519996,81.36,81.419998,39567.0,XBI.NYSE-1-HOUR-LAST-EXTERNAL
2023-01-03 19:55:00,81.54,81.61,81.425003,81.519996,84526.0,XBI.NYSE-1-HOUR-LAST-EXTERNAL
2023-01-03 20:55:00,81.699996,81.720001,81.529998,81.529998,482071.0,XBI.NYSE-1-HOUR-LAST-EXTERNAL
2023-01-04 14:55:00,82.805,82.900001,82.620002,82.690002,89225.0,XBI.NYSE-1-HOUR-LAST-EXTERNAL
2023-01-04 15:55:00,82.915,82.915,82.7201,82.769996,115700.0,XBI.NYSE-1-HOUR-LAST-EXTERNAL
2023-01-04 16:55:00,83.144996,83.254997,83.129997,83.199996,89496.0,XBI.NYSE-1-HOUR-LAST-EXTERNAL
2023-01-04 17:55:00,83.139999,83.160003,83.050003,83.050003,66603.0,XBI.NYSE-1-HOUR-LAST-EXTERNAL
2023-01-04 18:55:00,83.449996,83.470001,83.059997,83.150001,80408.0,XBI.NYSE-1-HOUR-LAST-EXTERNAL
2023-01-04 19:55:00,83.29,83.440002,83.146202,83.419998,84364.0,XBI.NYSE-1-HOUR-LAST-EXTERNAL
2023-01-04 20:55:00,83.139999,83.36,83.135002,83.230003,406153.0,XBI.NYSE-1-HOUR-LAST-EXTERNAL
2023-01-05 14:55:00,82.010002,82.089996,81.855697,81.949996,106339.0,XBI.NYSE-1-HOUR-LAST-EXTERNAL
2023-01-05 15:55:00,82.300003,82.43,82.279998,82.319999,43182.0,XBI.NYSE-1-HOUR-LAST-EXTERNAL
2023-01-05 16:55:00,82.074996,82.120002,81.989997,82.089996,50726.0,XBI.NYSE-1-HOUR-LAST-EXTERNAL
2023-01-05 17:55:00,82.18,82.239997,82.150001,82.230003,21283.0,XBI.NYSE-1-HOUR-LAST-EXTERNAL
2023-01-05 18:55:00,82.650001,82.699996,82.61,82.639999,42938.0,XBI.NYSE-1-HOUR-LAST-EXTERNAL
2023-01-05 19:55:00,82.86,82.870002,82.629997,82.629997,61444.0,XBI.NYSE-1-HOUR-LAST-EXTERNAL
2023-01-05 20:55:00,82.68,82.699996,82.54,82.589996,440731.0,XBI.NYSE-1-HOUR-LAST-EXTERNAL
2023-01-06 14:55:00,81.370002,81.669998,81.355003,81.629997,91761.0,XBI.NYSE-1-HOUR-LAST-EXTERNAL
2023-01-06 15:55:00,83.129997,83.224998,83.014999,83.04,117328.0,XBI.NYSE-1-HOUR-LAST-EXTERNAL
2023-01-06 16:55:00,83.86,83.959999,83.79,83.879997,163599.0,XBI.NYSE-1-HOUR-LAST-EXTERNAL
2023-01-06 17:55:00,83.29,83.339996,83.239997,83.339996,42016.0,XBI.NYSE-1-HOUR-LAST-EXTERNAL
2023-01-06 18:55:00,83.275001,83.300003,83.220001,83.269996,36846.0,XBI.NYSE-1-HOUR-LAST-EXTERNAL
2023-01-06 19:55:00,83.724998,83.7266,83.559997,83.620002,7579044.0,XBI.NYSE-1-HOUR-LAST-EXTERNAL
2023-01-06 20:55:00,83.160003,83.235,83.084999,83.150001,424817.0,XBI.NYSE-1-HOUR-LAST-EXTERNAL
2023-01-09 14:55:00,81.544998,81.625,81.279998,81.480003,270772.0,XBI.NYSE-1-HOUR-LAST-EXTERNAL
2023-01-09 15:55:00,82.739997,82.93,82.660003,82.819999,142493.0,XBI.NYSE-1-HOUR-LAST-EXTERNAL
2023-01-09 16:55:00,82.889999,82.889999,82.589996,82.620002,65838.0,XBI.NYSE-1-HOUR-LAST-EXTERNAL
2023-01-09 17:55:00,82.220001,82.279998,82.140098,82.220001,93099.0,XBI.NYSE-1-HOUR-LAST-EXTERNAL
2023-01-09 18:55:00,81.970001,82.080001,81.830001,82.069999,48946.0,XBI.NYSE-1-HOUR-LAST-EXTERNAL
2023-01-09 19:55:00,82.019996,82.029998,81.690002,81.739997,71220.0,XBI.NYSE-1-HOUR-LAST-EXTERNAL
2023-01-09 20:55:00,81.29,81.324996,81.110496,81.269996,521649.0,XBI.NYSE-1-HOUR-LAST-EXTERNAL
2023-01-10 14:55:00,82.940002,83.069999,82.580001,82.769996,149600.0,XBI.NYSE-1-HOUR-LAST-EXTERNAL
2023-01-10 15:55:00,82.144996,82.375,82.080001,82.349998,118982.0,XBI.NYSE-1-HOUR-LAST-EXTERNAL
2023-01-10 16:55:00,82.230003,82.349998,82.220001,82.239997,38346.0,XBI.NYSE-1-HOUR-LAST-EXTERNAL
2023-01-10 17:55:00,82.529998,82.555,82.410003,82.489997,30871.0,XBI.NYSE-1-HOUR-LAST-EXTERNAL
2023-01-10 18:55:00,82.599998,82.779998,82.5,82.760002,52038.0,XBI.NYSE-1-HOUR-LAST-EXTERNAL
2023-01-10 19:55:00,82.86,83.04,82.86,83.0,75077.0,XBI.NYSE-1-HOUR-LAST-EXTERNAL
2023-01-10 20:55:00,83.339996,83.580001,83.339996,83.559997,635581.0,XBI.NYSE-1-HOUR-LAST-EXTERNAL
2023-01-11 14:55:00,83.489997,83.61,83.209999,83.330001,149165.0,XBI.NYSE-1-HOUR-LAST-EXTERNAL
2023-01-11 15:55:00,83.650001,83.68,83.410003,83.480003,80955.0,XBI.NYSE-1-HOUR-LAST-EXTERNAL
2023-01-11 16:55:00,83.830001,83.870002,83.769996,83.819999,58977.0,XBI.NYSE-1-HOUR-LAST-EXTERNAL
2023-01-11 17:55:00,84.050003,84.089996,83.900001,83.900001,31011.0,XBI.NYSE-1-HOUR-LAST-EXTERNAL
2023-01-11 18:55:00,84.129997,84.129997,84.069999,84.120002,57299.0,XBI.NYSE-1-HOUR-LAST-EXTERNAL
2023-01-11 19:55:00,83.919998,84.010002,83.845001,83.888,62696.0,XBI.NYSE-1-HOUR-LAST-EXTERNAL
2023-01-11 20:55:00,84.419998,84.529998,84.370002,84.375,788587.0,XBI.NYSE-1-HOUR-LAST-EXTERNAL
2023-01-12 14:55:00,83.889999,84.04,83.620002,83.669998,204226.0,XBI.NYSE-1-HOUR-LAST-EXTERNAL
2023-01-12 15:55:00,84.864997,85.11,84.660003,84.709999,105134.0,XBI.NYSE-1-HOUR-LAST-EXTERNAL
2023-01-12 16:55:00,85.669998,86.010002,85.61,85.879997,187719.0,XBI.NYSE-1-HOUR-LAST-EXTERNAL
2023-01-12 17:55:00,86.0,86.144996,85.940002,86.029899,105057.0,XBI.NYSE-1-HOUR-LAST-EXTERNAL
2023-01-12 18:55:00,86.502296,86.589996,86.489997,86.529998,131033.0,XBI.NYSE-1-HOUR-LAST-EXTERNAL
2023-01-12 19:55:00,86.580001,86.819999,86.5,86.819999,68662.0,XBI.NYSE-1-HOUR-LAST-EXTERNAL
2023-01-12 20:55:00,87.535003,87.970001,87.535003,87.910003,855186.0,XBI.NYSE-1-HOUR-LAST-EXTERNAL
2023-01-13 14:55:00,88.489997,88.629997,88.330001,88.54,123376.0,XBI.NYSE-1-HOUR-LAST-EXTERNAL
2023-01-13 15:55:00,89.254997,89.389999,89.160003,89.279998,342378.0,XBI.NYSE-1-HOUR-LAST-EXTERNAL
2023-01-13 16:55:00,88.415,88.43,88.205001,88.345001,135256.0,XBI.NYSE-1-HOUR-LAST-EXTERNAL
2023-01-13 17:55:00,87.86,88.050003,87.79,87.845001,142517.0,XBI.NYSE-1-HOUR-LAST-EXTERNAL
2023-01-13 18:55:00,87.68,87.699996,87.510002,87.589996,12635122.0,XBI.NYSE-1-HOUR-LAST-EXTERNAL
2023-01-13 19:55:00,86.949996,86.959999,86.739997,86.760002,123186.0,XBI.NYSE-1-HOUR-LAST-EXTERNAL
2023-01-13 20:55:00,87.699996,87.959999,87.669998,87.879997,1220352.0,XBI.NYSE-1-HOUR-LAST-EXTERNAL
2023-01-17 14:55:00,87.339996,87.61,87.319999,87.544998,287910.0,XBI.NYSE-1-HOUR-LAST-EXTERNAL
2023-01-17 15:55:00,87.019996,87.029998,86.870002,86.919998,151235.0,XBI.NYSE-1-HOUR-LAST-EXTERNAL
2023-01-17 16:55:00,86.709999,86.794998,86.699996,86.720001,81063.0,XBI.NYSE-1-HOUR-LAST-EXTERNAL
2023-01-17 17:55:00,86.589996,86.720001,86.565002,86.714996,57291.0,XBI.NYSE-1-HOUR-LAST-EXTERNAL
2023-01-17 18:55:00,86.670097,86.670097,86.580001,86.639999,64226.0,XBI.NYSE-1-HOUR-LAST-EXTERNAL
2023-01-17 19:55:00,86.889999,86.899902,86.75,86.809997,67258.0,XBI.NYSE-1-HOUR-LAST-EXTERNAL
2023-01-17 20:55:00,86.574996,86.889999,86.569999,86.849998,618889.0,XBI.NYSE-1-HOUR-LAST-EXTERNAL
2023-01-18 14:55:00,88.569999,88.845001,88.529998,88.760002,386373.0,XBI.NYSE-1-HOUR-LAST-EXTERNAL
2023-01-18 15:55:00,87.220001,87.440002,87.144996,87.410003,154727.0,XBI.NYSE-1-HOUR-LAST-EXTERNAL
2023-01-18 16:55:00,86.504997,86.769996,86.480003,86.739997,6411687.0,XBI.NYSE-1-HOUR-LAST-EXTERNAL
2023-01-18 17:55:00,86.389999,86.480003,86.29,86.410003,76838.0,XBI.NYSE-1-HOUR-LAST-EXTERNAL
2023-01-18 18:55:00,86.510002,86.529998,86.309997,86.370002,57913.0,XBI.NYSE-1-HOUR-LAST-EXTERNAL
2023-01-18 19:55:00,86.099998,86.224998,86.089996,86.190002,124639.0,XBI.NYSE-1-HOUR-LAST-EXTERNAL
2023-01-18 20:55:00,85.93,85.980003,85.730003,85.79,686532.0,XBI.NYSE-1-HOUR-LAST-EXTERNAL
2023-01-19 14:55:00,84.480003,84.75,84.419998,84.61,180127.0,XBI.NYSE-1-HOUR-LAST-EXTERNAL
2023-01-19 15:55:00,84.464996,84.5,84.379997,84.449996,71186.0,XBI.NYSE-1-HOUR-LAST-EXTERNAL
2023-01-19 16:55:00,84.93,84.940002,84.815002,84.925003,57018.0,XBI.NYSE-1-HOUR-LAST-EXTERNAL
2023-01-19 17:55:00,84.559997,84.760002,84.519996,84.760002,55497.0,XBI.NYSE-1-HOUR-LAST-EXTERNAL
2023-01-19 18:55:00,85.5,85.559997,85.449996,85.519996,56212.0,XBI.NYSE-1-HOUR-LAST-EXTERNAL
2023-01-19 19:55:00,85.690002,85.830001,85.639999,85.639999,83691.0,XBI.NYSE-1-HOUR-LAST-EXTERNAL
2023-01-19 20:55:00,84.93,84.93,84.79,84.845001,703339.0,XBI.NYSE-1-HOUR-LAST-EXTERNAL
2023-01-20 14:55:00,86.25,86.550003,86.139999,86.379997,233580.0,XBI.NYSE-1-HOUR-LAST-EXTERNAL
2023-01-20 15:55:00,85.599998,85.699996,85.459999,85.599998,81841.0,XBI.NYSE-1-HOUR-LAST-EXTERNAL
2023-01-20 16:55:00,85.785003,85.940002,85.764999,85.93,90690.0,XBI.NYSE-1-HOUR-LAST-EXTERNAL
2023-01-20 17:55:00,85.980003,86.0,85.809997,85.809997,47700.0,XBI.NYSE-1-HOUR-LAST-EXTERNAL
2023-01-20 18:55:00,86.364997,86.419998,86.29,86.389999,52231.0,XBI.NYSE-1-HOUR-LAST-EXTERNAL
2023-01-20 19:55:00,86.589996,86.830001,86.54,86.824996,190312.0,XBI.NYSE-1-HOUR-LAST-EXTERNAL
2023-01-20 20:55:00,87.059997,87.150001,86.849998,87.080001,836402.0,XBI.NYSE-1-HOUR-LAST-EXTERNAL
2023-01-23 14:55:00,86.660003,87.019996,86.650001,86.68,127946.0,XBI.NYSE-1-HOUR-LAST-EXTERNAL
2023-01-23 15:55:00,86.849998,86.940002,86.68,86.819999,76544.0,XBI.NYSE-1-HOUR-LAST-EXTERNAL
2023-01-23 16:55:00,87.010002,87.089996,86.949996,86.959999,54332.0,XBI.NYSE-1-HOUR-LAST-EXTERNAL
2023-01-23 17:55:00,87.300003,87.370002,87.300003,87.309997,33387.0,XBI.NYSE-1-HOUR-LAST-EXTERNAL
2023-01-23 18:55:00,87.605003,87.805,87.605003,87.79,98756.0,XBI.NYSE-1-HOUR-LAST-EXTERNAL
2023-01-23 19:55:00,86.959999,87.150001,86.93,87.050003,174013.0,XBI.NYSE-1-HOUR-LAST-EXTERNAL
2023-01-23 20:55:00,87.330001,87.370002,87.209999,87.209999,360994.0,XBI.NYSE-1-HOUR-LAST-EXTERNAL
2023-01-24 14:55:00,88.269996,88.279998,87.529998,87.639999,176390.0,XBI.NYSE-1-HOUR-LAST-EXTERNAL
2023-01-24 15:55:00,88.410003,88.61,88.379997,88.559997,176583.0,XBI.NYSE-1-HOUR-LAST-EXTERNAL
2023-01-24 16:55:00,88.519996,88.660003,88.504997,88.629997,57674.0,XBI.NYSE-1-HOUR-LAST-EXTERNAL
2023-01-24 17:55:00,88.5,88.599998,88.444999,88.550003,83445.0,XBI.NYSE-1-HOUR-LAST-EXTERNAL
2023-01-24 18:55:00,88.940002,88.949996,88.769996,88.809997,5503006.0,XBI.NYSE-1-HOUR-LAST-EXTERNAL
2023-01-24 19:55:00,89.019996,89.11,89.0,89.059997,210022.0,XBI.NYSE-1-HOUR-LAST-EXTERNAL
2023-01-24 20:55:00,88.800003,88.86,88.730003,88.809997,657868.0,XBI.NYSE-1-HOUR-LAST-EXTERNAL
2023-01-25 14:55:00,87.569999,87.699996,87.11,87.160003,160985.0,XBI.NYSE-1-HOUR-LAST-EXTERNAL
2023-01-25 15:55:00,87.470001,87.779998,87.449996,87.730003,2350319.0,XBI.NYSE-1-HOUR-LAST-EXTERNAL
2023-01-25 16:55:00,87.870002,87.989997,87.709999,87.720001,36393.0,XBI.NYSE-1-HOUR-LAST-EXTERNAL
2023-01-25 17:55:00,87.955001,88.050003,87.955001,87.989997,35077.0,XBI.NYSE-1-HOUR-LAST-EXTERNAL
2023-01-25 18:55:00,87.910003,87.93,87.800003,87.840103,82438.0,XBI.NYSE-1-HOUR-LAST-EXTERNAL
2023-01-25 19:55:00,88.107498,88.294998,88.107498,88.230003,72968.0,XBI.NYSE-1-HOUR-LAST-EXTERNAL
2023-01-25 20:55:00,88.75,88.910003,88.724998,88.870002,308619.0,XBI.NYSE-1-HOUR-LAST-EXTERNAL
2023-01-26 14:55:00,88.489997,88.730003,88.361701,88.720001,105940.0,XBI.NYSE-1-HOUR-LAST-EXTERNAL
2023-01-26 15:55:00,87.870002,87.900001,87.68,87.760002,163188.0,XBI.NYSE-1-HOUR-LAST-EXTERNAL
2023-01-26 16:55:00,88.04,88.11,88.010002,88.069999,2994142.0,XBI.NYSE-1-HOUR-LAST-EXTERNAL
2023-01-26 17:55:00,88.199996,88.235,88.050003,88.11,19190.0,XBI.NYSE-1-HOUR-LAST-EXTERNAL
2023-01-26 18:55:00,88.04,88.04,87.839996,87.949996,68354.0,XBI.NYSE-1-HOUR-LAST-EXTERNAL
2023-01-26 19:55:00,88.029998,88.04,87.959999,88.020103,18679.0,XBI.NYSE-1-HOUR-LAST-EXTERNAL
2023-01-26 20:55:00,88.370002,88.660003,88.339996,88.584999,523023.0,XBI.NYSE-1-HOUR-LAST-EXTERNAL
2023-01-27 14:55:00,89.489997,89.720001,89.449996,89.5,133317.0,XBI.NYSE-1-HOUR-LAST-EXTERNAL
2023-01-27 15:55:00,88.919998,88.955001,88.809997,88.870002,118810.0,XBI.NYSE-1-HOUR-LAST-EXTERNAL
2023-01-27 16:55:00,89.095001,89.169998,89.084999,89.099998,32312.0,XBI.NYSE-1-HOUR-LAST-EXTERNAL
2023-01-27 17:55:00,89.205001,89.220001,89.139999,89.199996,33086.0,XBI.NYSE-1-HOUR-LAST-EXTERNAL
2023-01-27 18:55:00,89.61,89.739997,89.61,89.699996,24990.0,XBI.NYSE-1-HOUR-LAST-EXTERNAL
2023-01-27 19:55:00,89.690002,89.705001,89.61,89.650001,26024.0,XBI.NYSE-1-HOUR-LAST-EXTERNAL
2023-01-27 20:55:00,89.459999,89.459999,89.345001,89.379997,628388.0,XBI.NYSE-1-HOUR-LAST-EXTERNAL
2023-01-30 14:55:00,88.089996,88.339996,88.029998,88.089996,78445.0,XBI.NYSE-1-HOUR-LAST-EXTERNAL
2023-01-30 15:55:00,87.519996,87.620002,87.410003,87.580001,71043.0,XBI.NYSE-1-HOUR-LAST-EXTERNAL
2023-01-30 16:55:00,87.574996,87.800003,87.510002,87.760002,51876.0,XBI.NYSE-1-HOUR-LAST-EXTERNAL
2023-01-30 17:55:00,87.419998,87.5,87.410003,87.480003,47286.0,XBI.NYSE-1-HOUR-LAST-EXTERNAL
2023-01-30 18:55:00,87.209999,87.239997,87.065002,87.199996,53980.0,XBI.NYSE-1-HOUR-LAST-EXTERNAL
2023-01-30 19:55:00,86.815002,86.955001,86.779998,86.910003,71253.0,XBI.NYSE-1-HOUR-LAST-EXTERNAL
2023-01-30 20:55:00,87.18,87.18,86.980003,87.120002,561442.0,XBI.NYSE-1-HOUR-LAST-EXTERNAL
2023-01-31 14:55:00,88.349998,88.459999,88.190002,88.220001,52196.0,XBI.NYSE-1-HOUR-LAST-EXTERNAL
2023-01-31 15:55:00,88.879997,88.919998,88.794998,88.845001,55020.0,XBI.NYSE-1-HOUR-LAST-EXTERNAL
2023-01-31 16:55:00,88.819999,88.830001,88.709999,88.709999,58228.0,XBI.NYSE-1-HOUR-LAST-EXTERNAL
2023-01-31 17:55:00,88.690002,88.720001,88.620002,88.709999,60230.0,XBI.NYSE-1-HOUR-LAST-EXTERNAL
2023-01-31 18:55:00,89.025001,89.044998,89.0,89.014999,34500.0,XBI.NYSE-1-HOUR-LAST-EXTERNAL
2023-01-31 19:55:00,88.910003,88.925003,88.849998,88.875,28928.0,XBI.NYSE-1-HOUR-LAST-EXTERNAL
2023-01-31 20:55:00,88.910003,89.019996,88.819999,88.940002,582465.0,XBI.NYSE-1-HOUR-LAST-EXTERNAL
2023-02-01 14:55:00,88.845001,89.139999,88.739997,89.139999,92135.0,XBI.NYSE-1-HOUR-LAST-EXTERNAL
2023-02-01 15:55:00,88.010002,88.010002,87.785003,87.830001,42837.0,XBI.NYSE-1-HOUR-LAST-EXTERNAL
2023-02-01 16:55:00,88.230003,88.239997,88.069999,88.199996,40636.0,XBI.NYSE-1-HOUR-LAST-EXTERNAL
2023-02-01 17:55:00,88.129997,88.194999,88.029998,88.069999,20240.0,XBI.NYSE-1-HOUR-LAST-EXTERNAL
2023-02-01 18:55:00,87.919998,88.169998,87.904998,88.050003,86785.0,XBI.NYSE-1-HOUR-LAST-EXTERNAL
2023-02-01 19:55:00,89.690002,89.724998,89.269996,89.349998,134734.0,XBI.NYSE-1-HOUR-LAST-EXTERNAL
2023-02-01 20:55:00,89.419998,89.769996,89.305,89.739997,929827.0,XBI.NYSE-1-HOUR-LAST-EXTERNAL
2023-02-02 14:55:00,91.379997,91.379997,90.690002,90.690002,147688.0,XBI.NYSE-1-HOUR-LAST-EXTERNAL
2023-02-02 15:55:00,91.370002,91.389999,91.139999,91.175003,86801.0,XBI.NYSE-1-HOUR-LAST-EXTERNAL
2023-02-02 16:55:00,92.069999,92.089996,91.849998,91.910003,216910.0,XBI.NYSE-1-HOUR-LAST-EXTERNAL
2023-02-02 17:55:00,92.065002,92.269996,92.019996,92.205001,141444.0,XBI.NYSE-1-HOUR-LAST-EXTERNAL
2023-02-02 18:55:00,92.259902,92.440002,92.139999,92.419998,114358.0,XBI.NYSE-1-HOUR-LAST-EXTERNAL
2023-02-02 19:55:00,90.959999,90.959999,90.644996,90.735,171025.0,XBI.NYSE-1-HOUR-LAST-EXTERNAL
2023-02-02 20:55:00,91.794998,92.029998,91.730003,91.980003,733342.0,XBI.NYSE-1-HOUR-LAST-EXTERNAL
2023-02-03 14:55:00,91.489997,91.650001,91.339996,91.339996,97761.0,XBI.NYSE-1-HOUR-LAST-EXTERNAL
2023-02-03 15:55:00,91.730003,91.769996,91.319999,91.519996,70676.0,XBI.NYSE-1-HOUR-LAST-EXTERNAL
2023-02-03 16:55:00,91.629997,91.699996,91.410003,91.410003,52376.0,XBI.NYSE-1-HOUR-LAST-EXTERNAL
2023-02-03 17:55:00,91.779998,91.870002,91.470001,91.489997,42590.0,XBI.NYSE-1-HOUR-LAST-EXTERNAL
2023-02-03 18:55:00,91.160003,91.169998,90.889999,90.919998,43531.0,XBI.NYSE-1-HOUR-LAST-EXTERNAL
2023-02-03 19:55:00,90.529998,90.569999,90.279998,90.330001,55683.0,XBI.NYSE-1-HOUR-LAST-EXTERNAL
2023-02-03 20:55:00,90.309997,90.410003,90.209999,90.370002,521655.0,XBI.NYSE-1-HOUR-LAST-EXTERNAL
2023-02-06 14:55:00,90.269996,90.415,90.129997,90.29,76946.0,XBI.NYSE-1-HOUR-LAST-EXTERNAL
2023-02-06 15:55:00,90.239997,90.650001,90.239997,90.569999,122677.0,XBI.NYSE-1-HOUR-LAST-EXTERNAL
2023-02-06 16:55:00,90.529998,90.580001,90.36,90.440002,30664.0,XBI.NYSE-1-HOUR-LAST-EXTERNAL
2023-02-06 17:55:00,90.25,90.288002,90.160003,90.199996,35032.0,XBI.NYSE-1-HOUR-LAST-EXTERNAL
2023-02-06 18:55:00,90.169998,90.230003,90.129997,90.230003,22008.0,XBI.NYSE-1-HOUR-LAST-EXTERNAL
2023-02-06 19:55:00,89.940002,90.059997,89.925003,90.04,36881.0,XBI.NYSE-1-HOUR-LAST-EXTERNAL
2023-02-06 20:55:00,89.769996,89.79,89.660003,89.709999,267655.0,XBI.NYSE-1-HOUR-LAST-EXTERNAL
2023-02-07 14:55:00,89.18,89.419998,89.019996,89.160003,76036.0,XBI.NYSE-1-HOUR-LAST-EXTERNAL
2023-02-07 15:55:00,89.150001,89.260002,89.059997,89.120002,77945.0,XBI.NYSE-1-HOUR-LAST-EXTERNAL
2023-02-07 16:55:00,89.120002,89.160003,89.04,89.055,52471.0,XBI.NYSE-1-HOUR-LAST-EXTERNAL
2023-02-07 17:55:00,89.639999,89.819999,89.589996,89.629997,120450.0,XBI.NYSE-1-HOUR-LAST-EXTERNAL
2023-02-07 18:55:00,88.489997,88.559997,88.389999,88.480003,67772.0,XBI.NYSE-1-HOUR-LAST-EXTERNAL
2023-02-07 19:55:00,89.36,89.470001,89.339996,89.459999,51658.0,XBI.NYSE-1-HOUR-LAST-EXTERNAL
2023-02-07 20:55:00,90.434997,90.489997,90.29,90.330001,431141.0,XBI.NYSE-1-HOUR-LAST-EXTERNAL
2023-02-08 14:55:00,89.440002,89.760002,89.379997,89.709999,66779.0,XBI.NYSE-1-HOUR-LAST-EXTERNAL
2023-02-08 15:55:00,89.050003,89.190002,88.904998,88.970001,66914.0,XBI.NYSE-1-HOUR-LAST-EXTERNAL
2023-02-08 16:55:00,88.300003,88.519996,88.279998,88.504997,92312.0,XBI.NYSE-1-HOUR-LAST-EXTERNAL
2023-02-08 17:55:00,88.209999,88.300003,88.175003,88.279998,45903.0,XBI.NYSE-1-HOUR-LAST-EXTERNAL
2023-02-08 18:55:00,87.925003,88.069999,87.900001,87.989997,107874.0,XBI.NYSE-1-HOUR-LAST-EXTERNAL
2023-02-08 19:55:00,87.589996,87.75,87.555,87.699996,104036.0,XBI.NYSE-1-HOUR-LAST-EXTERNAL
2023-02-08 20:55:00,87.305,87.324996,87.169998,87.184997,476688.0,XBI.NYSE-1-HOUR-LAST-EXTERNAL
2023-02-09 14:55:00,87.949996,87.949996,87.650001,87.769996,150552.0,XBI.NYSE-1-HOUR-LAST-EXTERNAL
2023-02-09 15:55:00,87.93,88.129997,87.8899,87.93,158288.0,XBI.NYSE-1-HOUR-LAST-EXTERNAL
2023-02-09 16:55:00,87.440002,87.569999,87.400001,87.550003,68357.0,XBI.NYSE-1-HOUR-LAST-EXTERNAL
2023-02-09 17:55:00,87.074996,87.239997,87.055,87.209999,92831.0,XBI.NYSE-1-HOUR-LAST-EXTERNAL
2023-02-09 18:55:00,86.870002,86.870002,86.669998,86.709999,50590.0,XBI.NYSE-1-HOUR-LAST-EXTERNAL
2023-02-09 19:55:00,86.5,86.504997,86.330001,86.400001,65734.0,XBI.NYSE-1-HOUR-LAST-EXTERNAL
2023-02-09 20:55:00,86.404998,86.410003,86.029998,86.11,473904.0,XBI.NYSE-1-HOUR-LAST-EXTERNAL
2023-02-10 14:55:00,85.459999,85.650001,85.410003,85.43,95404.0,XBI.NYSE-1-HOUR-LAST-EXTERNAL
2023-02-10 15:55:00,85.239997,85.379997,85.205001,85.36,80555.0,XBI.NYSE-1-HOUR-LAST-EXTERNAL
2023-02-10 16:55:00,85.29,85.400001,85.239997,85.270401,52108.0,XBI.NYSE-1-HOUR-LAST-EXTERNAL
2023-02-10 17:55:00,85.665,85.720001,85.550003,85.629997,23939.0,XBI.NYSE-1-HOUR-LAST-EXTERNAL
2023-02-10 18:55:00,85.580001,85.699996,85.54,85.584999,84590.0,XBI.NYSE-1-HOUR-LAST-EXTERNAL
2023-02-10 19:55:00,85.849998,85.889999,85.675003,85.709999,41513.0,XBI.NYSE-1-HOUR-LAST-EXTERNAL
2023-02-10 20:55:00,85.650001,85.699996,85.580001,85.61,368768.0,XBI.NYSE-1-HOUR-LAST-EXTERNAL
2023-02-13 14:55:00,84.86,85.239997,84.86,85.089996,156930.0,XBI.NYSE-1-HOUR-LAST-EXTERNAL
2023-02-13 15:55:00,85.29,85.489997,85.29,85.340103,156595.0,XBI.NYSE-1-HOUR-LAST-EXTERNAL
2023-02-13 16:55:00,85.819999,85.959999,85.779998,85.93,60957.0,XBI.NYSE-1-HOUR-LAST-EXTERNAL
2023-02-13 17:55:00,86.099998,86.099998,85.879997,85.93,53500.0,XBI.NYSE-1-HOUR-LAST-EXTERNAL
2023-02-13 18:55:00,85.970001,86.050003,85.959999,86.019996,38334.0,XBI.NYSE-1-HOUR-LAST-EXTERNAL
2023-02-13 19:55:00,85.43,85.440002,85.319999,85.419998,49656.0,XBI.NYSE-1-HOUR-LAST-EXTERNAL
2023-02-13 20:55:00,85.474998,85.569999,85.449996,85.569999,274460.0,XBI.NYSE-1-HOUR-LAST-EXTERNAL
2023-02-14 14:55:00,85.620002,86.199996,85.61,85.980003,375688.0,XBI.NYSE-1-HOUR-LAST-EXTERNAL
2023-02-14 15:55:00,85.04,85.300003,84.940002,85.230003,117806.0,XBI.NYSE-1-HOUR-LAST-EXTERNAL
2023-02-14 16:55:00,84.625,84.779998,84.589996,84.730003,94144.0,XBI.NYSE-1-HOUR-LAST-EXTERNAL
2023-02-14 17:55:00,84.93,85.139999,84.910003,85.029998,42108.0,XBI.NYSE-1-HOUR-LAST-EXTERNAL
2023-02-14 18:55:00,85.349998,85.389999,85.190002,85.220001,38574.0,XBI.NYSE-1-HOUR-LAST-EXTERNAL
2023-02-14 19:55:00,85.769996,85.809997,85.620002,85.620002,62395.0,XBI.NYSE-1-HOUR-LAST-EXTERNAL
2023-02-14 20:55:00,86.050003,86.055,85.830001,85.900001,385386.0,XBI.NYSE-1-HOUR-LAST-EXTERNAL
2023-02-15 14:55:00,84.919998,85.069999,84.830001,84.995002,62746.0,XBI.NYSE-1-HOUR-LAST-EXTERNAL
2023-02-15 15:55:00,85.190002,85.339996,85.169998,85.25,52666.0,XBI.NYSE-1-HOUR-LAST-EXTERNAL
2023-02-15 16:55:00,85.529998,85.580001,85.410003,85.470001,41821.0,XBI.NYSE-1-HOUR-LAST-EXTERNAL
2023-02-15 17:55:00,85.345001,85.345001,85.169998,85.239997,22234.0,XBI.NYSE-1-HOUR-LAST-EXTERNAL
2023-02-15 18:55:00,85.404998,85.43,85.36,85.419998,29540.0,XBI.NYSE-1-HOUR-LAST-EXTERNAL
2023-02-15 19:55:00,85.629997,85.669998,85.544998,85.61,63971.0,XBI.NYSE-1-HOUR-LAST-EXTERNAL
2023-02-15 20:55:00,85.919998,86.120002,85.910003,86.069999,224090.0,XBI.NYSE-1-HOUR-LAST-EXTERNAL
2023-02-16 14:55:00,85.510002,85.629997,85.150001,85.150001,123655.0,XBI.NYSE-1-HOUR-LAST-EXTERNAL
2023-02-16 15:55:00,85.294998,85.309997,85.0,85.125,133644.0,XBI.NYSE-1-HOUR-LAST-EXTERNAL
2023-02-16 16:55:00,85.394996,85.510002,85.379997,85.459999,44657.0,XBI.NYSE-1-HOUR-LAST-EXTERNAL
2023-02-16 17:55:00,85.449996,85.54,85.36,85.404998,94307.0,XBI.NYSE-1-HOUR-LAST-EXTERNAL
2023-02-16 18:55:00,85.68,85.769996,85.639999,85.760002,53478.0,XBI.NYSE-1-HOUR-LAST-EXTERNAL
2023-02-16 19:55:00,86.019996,86.04,85.960998,85.985,106700.0,XBI.NYSE-1-HOUR-LAST-EXTERNAL
2023-02-16 20:55:00,84.699996,84.879997,84.699996,84.760002,599720.0,XBI.NYSE-1-HOUR-LAST-EXTERNAL
2023-02-17 14:55:00,84.459999,84.779998,84.29,84.760002,212309.0,XBI.NYSE-1-HOUR-LAST-EXTERNAL
2023-02-17 15:55:00,85.400001,85.489997,85.269996,85.370002,55570.0,XBI.NYSE-1-HOUR-LAST-EXTERNAL
2023-02-17 16:55:00,85.480003,85.519996,85.379997,85.519996,63411.0,XBI.NYSE-1-HOUR-LAST-EXTERNAL
2023-02-17 17:55:00,85.419998,85.61,85.410003,85.519996,36009.0,XBI.NYSE-1-HOUR-LAST-EXTERNAL
2023-02-17 18:55:00,85.93,85.959999,85.86,85.959999,89781.0,XBI.NYSE-1-HOUR-LAST-EXTERNAL
2023-02-17 19:55:00,86.375,86.669998,86.370002,86.644996,5518650.0,XBI.NYSE-1-HOUR-LAST-EXTERNAL
2023-02-17 20:55:00,86.61,86.839996,86.599998,86.79,1063155.0,XBI.NYSE-1-HOUR-LAST-EXTERNAL
2023-02-21 14:55:00,84.690002,84.839996,84.370002,84.489997,166531.0,XBI.NYSE-1-HOUR-LAST-EXTERNAL
2023-02-21 15:55:00,84.154998,84.190002,84.11,84.160003,19867.0,XBI.NYSE-1-HOUR-LAST-EXTERNAL
2023-02-21 16:55:00,83.760002,83.809997,83.694999,83.709999,114969.0,XBI.NYSE-1-HOUR-LAST-EXTERNAL
2023-02-21 17:55:00,83.629997,83.709999,83.620002,83.660003,49766.0,XBI.NYSE-1-HOUR-LAST-EXTERNAL
2023-02-21 18:55:00,83.419998,83.449996,83.260002,83.349998,77452.0,XBI.NYSE-1-HOUR-LAST-EXTERNAL
2023-02-21 19:55:00,83.25,83.29,83.160003,83.199996,47151.0,XBI.NYSE-1-HOUR-LAST-EXTERNAL
2023-02-21 20:55:00,82.760002,82.964996,82.760002,82.809997,534596.0,XBI.NYSE-1-HOUR-LAST-EXTERNAL
2023-02-22 14:55:00,83.440002,83.544998,83.339996,83.419998,121259.0,XBI.NYSE-1-HOUR-LAST-EXTERNAL
2023-02-22 15:55:00,83.375,83.601501,83.36,83.580001,40237.0,XBI.NYSE-1-HOUR-LAST-EXTERNAL
2023-02-22 16:55:00,83.270401,83.319999,83.194999,83.300003,26351.0,XBI.NYSE-1-HOUR-LAST-EXTERNAL
2023-02-22 17:55:00,83.489997,83.529998,83.425003,83.480003,20870.0,XBI.NYSE-1-HOUR-LAST-EXTERNAL
2023-02-22 18:55:00,83.5,83.580001,83.489997,83.529998,43732.0,XBI.NYSE-1-HOUR-LAST-EXTERNAL
2023-02-22 19:55:00,83.18,83.269996,83.080001,83.120002,64372.0,XBI.NYSE-1-HOUR-LAST-EXTERNAL
2023-02-22 20:55:00,83.419998,83.690002,83.404998,83.690002,466692.0,XBI.NYSE-1-HOUR-LAST-EXTERNAL
2023-02-23 14:55:00,83.79,84.199996,83.764999,84.059997,697074.0,XBI.NYSE-1-HOUR-LAST-EXTERNAL
2023-02-23 15:55:00,83.080001,83.169998,83.059997,83.139999,41569.0,XBI.NYSE-1-HOUR-LAST-EXTERNAL
2023-02-23 16:55:00,82.569999,82.68,82.519996,82.54,123499.0,XBI.NYSE-1-HOUR-LAST-EXTERNAL
2023-02-23 17:55:00,82.470001,82.589996,82.440002,82.535003,39445.0,XBI.NYSE-1-HOUR-LAST-EXTERNAL
2023-02-23 18:55:00,82.54,82.580001,82.449996,82.550003,64519.0,XBI.NYSE-1-HOUR-LAST-EXTERNAL
2023-02-23 19:55:00,83.11,83.129997,82.940002,82.940002,57679.0,XBI.NYSE-1-HOUR-LAST-EXTERNAL
2023-02-23 20:55:00,83.300003,83.480003,83.25,83.440002,471591.0,XBI.NYSE-1-HOUR-LAST-EXTERNAL
2023-02-24 14:55:00,82.0,82.230003,81.889999,82.069999,535235.0,XBI.NYSE-1-HOUR-LAST-EXTERNAL
2023-02-24 15:55:00,81.830001,82.080001,81.800003,82.059997,155632.0,XBI.NYSE-1-HOUR-LAST-EXTERNAL
2023-02-24 16:55:00,82.199996,82.260002,82.04,82.099998,69490.0,XBI.NYSE-1-HOUR-LAST-EXTERNAL
2023-02-24 17:55:00,81.559997,81.61,81.519996,81.544998,33654.0,XBI.NYSE-1-HOUR-LAST-EXTERNAL
2023-02-24 18:55:00,81.75,81.760002,81.639999,81.660003,38344.0,XBI.NYSE-1-HOUR-LAST-EXTERNAL
2023-02-24 19:55:00,81.925003,82.065002,81.889999,82.0,65519.0,XBI.NYSE-1-HOUR-LAST-EXTERNAL
2023-02-24 20:55:00,81.519996,81.595001,81.375,81.495002,512936.0,XBI.NYSE-1-HOUR-LAST-EXTERNAL
2023-02-27 14:55:00,82.574996,82.589996,82.400001,82.519996,362510.0,XBI.NYSE-1-HOUR-LAST-EXTERNAL
2023-02-27 15:55:00,82.319999,82.400001,82.190002,82.330001,115018.0,XBI.NYSE-1-HOUR-LAST-EXTERNAL
2023-02-27 16:55:00,82.440002,82.459999,82.349998,82.379997,26019.0,XBI.NYSE-1-HOUR-LAST-EXTERNAL
2023-02-27 17:55:00,82.309997,82.319999,82.25,82.25,29672.0,XBI.NYSE-1-HOUR-LAST-EXTERNAL
2023-02-27 18:55:00,82.169998,82.260002,82.160003,82.25,49670.0,XBI.NYSE-1-HOUR-LAST-EXTERNAL
2023-02-27 19:55:00,82.230003,82.260002,82.18,82.190002,56928.0,XBI.NYSE-1-HOUR-LAST-EXTERNAL
2023-02-27 20:55:00,82.089996,82.199996,82.059997,82.139999,589808.0,XBI.NYSE-1-HOUR-LAST-EXTERNAL
2023-02-28 14:55:00,82.980003,83.080001,82.949996,83.074996,71666.0,XBI.NYSE-1-HOUR-LAST-EXTERNAL
2023-02-28 15:55:00,82.870002,83.150001,82.830001,83.139999,81045.0,XBI.NYSE-1-HOUR-LAST-EXTERNAL
2023-02-28 16:55:00,83.029998,83.069999,83.0,83.059997,18592.0,XBI.NYSE-1-HOUR-LAST-EXTERNAL
2023-02-28 17:55:00,83.069999,83.18,83.050003,83.139999,83285.0,XBI.NYSE-1-HOUR-LAST-EXTERNAL
2023-02-28 18:55:00,83.069999,83.080001,82.970001,82.970001,66806.0,XBI.NYSE-1-HOUR-LAST-EXTERNAL
2023-02-28 19:55:00,83.11,83.11,82.970001,83.0,54183.0,XBI.NYSE-1-HOUR-LAST-EXTERNAL
2023-02-28 20:55:00,83.0,83.035003,82.879997,82.879997,548636.0,XBI.NYSE-1-HOUR-LAST-EXTERNAL
2023-03-01 14:55:00,83.559997,83.620002,83.36,83.43,98736.0,XBI.NYSE-1-HOUR-LAST-EXTERNAL
2023-03-01 15:55:00,83.199996,83.230003,83.035003,83.080001,62391.0,XBI.NYSE-1-HOUR-LAST-EXTERNAL
2023-03-01 16:55:00,83.279998,83.324996,83.18,83.324996,66551.0,XBI.NYSE-1-HOUR-LAST-EXTERNAL
2023-03-01 17:55:00,83.510002,83.519996,83.404998,83.415,41722.0,XBI.NYSE-1-HOUR-LAST-EXTERNAL
2023-03-01 18:55:00,83.120002,83.18,83.11,83.129997,38344.0,XBI.NYSE-1-HOUR-LAST-EXTERNAL
2023-03-01 19:55:00,82.970001,83.04,82.959999,82.959999,68515.0,XBI.NYSE-1-HOUR-LAST-EXTERNAL
2023-03-01 20:55:00,83.125,83.169998,83.074996,83.089996,506295.0,XBI.NYSE-1-HOUR-LAST-EXTERNAL
2023-03-02 14:55:00,82.209999,82.300003,82.089996,82.239997,63017.0,XBI.NYSE-1-HOUR-LAST-EXTERNAL
2023-03-02 15:55:00,82.214996,82.260002,82.059997,82.0699,60352.0,XBI.NYSE-1-HOUR-LAST-EXTERNAL
2023-03-02 16:55:00,82.239997,82.245002,82.190002,82.209999,83540.0,XBI.NYSE-1-HOUR-LAST-EXTERNAL
2023-03-02 17:55:00,82.04,82.069999,82.004997,82.010002,58387.0,XBI.NYSE-1-HOUR-LAST-EXTERNAL
2023-03-02 18:55:00,82.279998,82.389999,82.224998,82.339996,73807.0,XBI.NYSE-1-HOUR-LAST-EXTERNAL
2023-03-02 19:55:00,82.614997,82.629997,82.5,82.559997,61606.0,XBI.NYSE-1-HOUR-LAST-EXTERNAL
2023-03-02 20:55:00,82.529998,82.559997,82.419998,82.449996,413229.0,XBI.NYSE-1-HOUR-LAST-EXTERNAL
2023-03-03 14:55:00,82.669998,82.769996,82.639999,82.639999,99971.0,XBI.NYSE-1-HOUR-LAST-EXTERNAL
2023-03-03 15:55:00,82.739997,82.769996,82.569999,82.654998,63198.0,XBI.NYSE-1-HOUR-LAST-EXTERNAL
2023-03-03 16:55:00,83.010002,83.205001,83.0,83.120002,49606.0,XBI.NYSE-1-HOUR-LAST-EXTERNAL
2023-03-03 17:55:00,83.379997,83.400001,83.3125,83.3497,37418.0,XBI.NYSE-1-HOUR-LAST-EXTERNAL
2023-03-03 18:55:00,83.690002,83.754997,83.669998,83.75,60893.0,XBI.NYSE-1-HOUR-LAST-EXTERNAL
2023-03-03 19:55:00,84.0,84.010002,83.959999,83.980003,19375.0,XBI.NYSE-1-HOUR-LAST-EXTERNAL
2023-03-03 20:55:00,83.589996,83.644996,83.559997,83.599998,388470.0,XBI.NYSE-1-HOUR-LAST-EXTERNAL
2023-03-06 14:55:00,82.519996,82.699996,82.43,82.699996,128254.0,XBI.NYSE-1-HOUR-LAST-EXTERNAL
2023-03-06 15:55:00,82.5,82.569999,82.375999,82.375999,61220.0,XBI.NYSE-1-HOUR-LAST-EXTERNAL
2023-03-06 16:55:00,82.650001,82.669998,82.61,82.660003,76040.0,XBI.NYSE-1-HOUR-LAST-EXTERNAL
2023-03-06 17:55:00,82.209999,82.29,82.169998,82.25,49092.0,XBI.NYSE-1-HOUR-LAST-EXTERNAL
2023-03-06 18:55:00,82.084999,82.089996,82.0,82.019897,4279662.0,XBI.NYSE-1-HOUR-LAST-EXTERNAL
2023-03-06 19:55:00,81.669998,81.709999,81.599998,81.650001,119148.0,XBI.NYSE-1-HOUR-LAST-EXTERNAL
2023-03-06 20:55:00,82.160003,82.300003,82.114997,82.160003,509813.0,XBI.NYSE-1-HOUR-LAST-EXTERNAL
2023-03-07 14:55:00,82.519996,82.569999,82.370002,82.389999,41929.0,XBI.NYSE-1-HOUR-LAST-EXTERNAL
2023-03-07 15:55:00,82.440002,82.550003,82.29,82.300003,61150.0,XBI.NYSE-1-HOUR-LAST-EXTERNAL
2023-03-07 16:55:00,82.819999,82.820098,82.690002,82.720001,40906.0,XBI.NYSE-1-HOUR-LAST-EXTERNAL
2023-03-07 17:55:00,82.970001,83.010002,82.86,82.870002,22598.0,XBI.NYSE-1-HOUR-LAST-EXTERNAL
2023-03-07 18:55:00,82.459999,82.489997,82.389999,82.440002,45870.0,XBI.NYSE-1-HOUR-LAST-EXTERNAL
2023-03-07 19:55:00,82.29,82.319999,82.220001,82.309997,48281.0,XBI.NYSE-1-HOUR-LAST-EXTERNAL
2023-03-07 20:55:00,82.205001,82.230003,82.0,82.069999,375429.0,XBI.NYSE-1-HOUR-LAST-EXTERNAL
2023-03-08 14:55:00,81.580001,81.660003,81.550003,81.625,66297.0,XBI.NYSE-1-HOUR-LAST-EXTERNAL
2023-03-08 15:55:00,81.580001,81.599998,81.485,81.495002,62917.0,XBI.NYSE-1-HOUR-LAST-EXTERNAL
2023-03-08 16:55:00,81.550003,81.605003,81.529998,81.569999,31715.0,XBI.NYSE-1-HOUR-LAST-EXTERNAL
2023-03-08 17:55:00,80.959999,80.989997,80.904998,80.970001,75914.0,XBI.NYSE-1-HOUR-LAST-EXTERNAL
2023-03-08 18:55:00,80.730003,80.739997,80.61,80.669998,72043.0,XBI.NYSE-1-HOUR-LAST-EXTERNAL
2023-03-08 19:55:00,80.86,80.889999,80.830001,80.879997,52389.0,XBI.NYSE-1-HOUR-LAST-EXTERNAL
2023-03-08 20:55:00,81.205001,81.319999,81.18,81.300003,350219.0,XBI.NYSE-1-HOUR-LAST-EXTERNAL
2023-03-09 14:55:00,81.25,81.264999,81.11,81.129997,83015.0,XBI.NYSE-1-HOUR-LAST-EXTERNAL
2023-03-09 15:55:00,80.910003,81.010002,80.830001,80.93,36015.0,XBI.NYSE-1-HOUR-LAST-EXTERNAL
2023-03-09 16:55:00,80.639999,80.650001,80.514999,80.529998,113589.0,XBI.NYSE-1-HOUR-LAST-EXTERNAL
2023-03-09 17:55:00,80.114997,80.114997,80.04,80.049896,60381.0,XBI.NYSE-1-HOUR-LAST-EXTERNAL
2023-03-09 18:55:00,79.230003,79.330001,79.150001,79.190002,96128.0,XBI.NYSE-1-HOUR-LAST-EXTERNAL
2023-03-09 19:55:00,78.75,78.779998,78.652603,78.681198,191032.0,XBI.NYSE-1-HOUR-LAST-EXTERNAL
2023-03-09 20:55:00,78.849998,78.93,78.660003,78.699996,757666.0,XBI.NYSE-1-HOUR-LAST-EXTERNAL
2023-03-10 14:55:00,76.349998,76.459999,76.139999,76.160003,253693.0,XBI.NYSE-1-HOUR-LAST-EXTERNAL
2023-03-10 15:55:00,76.720001,77.260002,76.699996,77.18,307897.0,XBI.NYSE-1-HOUR-LAST-EXTERNAL
2023-03-10 16:55:00,76.705001,76.709999,76.529998,76.559997,202969.0,XBI.NYSE-1-HOUR-LAST-EXTERNAL
2023-03-10 17:55:00,75.114997,75.120002,74.639999,74.720001,362401.0,XBI.NYSE-1-HOUR-LAST-EXTERNAL
2023-03-10 18:55:00,73.900001,74.099998,73.894996,74.044998,245261.0,XBI.NYSE-1-HOUR-LAST-EXTERNAL
2023-03-10 19:55:00,75.36,75.459999,75.150001,75.235,222435.0,XBI.NYSE-1-HOUR-LAST-EXTERNAL
2023-03-10 20:55:00,75.434997,75.760002,75.330001,75.68,1197184.0,XBI.NYSE-1-HOUR-LAST-EXTERNAL
2023-03-13 13:55:00,77.449996,77.940002,77.190002,77.760002,358495.0,XBI.NYSE-1-HOUR-LAST-EXTERNAL
2023-03-13 14:55:00,77.864997,78.239997,77.849998,78.0,327188.0,XBI.NYSE-1-HOUR-LAST-EXTERNAL
2023-03-13 15:55:00,78.074996,78.485,77.989997,78.449996,165749.0,XBI.NYSE-1-HOUR-LAST-EXTERNAL
2023-03-13 16:55:00,77.68,77.769996,77.5,77.660003,126556.0,XBI.NYSE-1-HOUR-LAST-EXTERNAL
2023-03-13 17:55:00,77.699996,78.010002,77.699996,77.980003,146618.0,XBI.NYSE-1-HOUR-LAST-EXTERNAL
2023-03-13 18:55:00,77.940002,78.089996,77.93,78.059997,109676.0,XBI.NYSE-1-HOUR-LAST-EXTERNAL
2023-03-13 19:55:00,77.959999,77.980003,77.724998,77.870002,1028143.0,XBI.NYSE-1-HOUR-LAST-EXTERNAL
2023-03-14 13:55:00,79.459999,79.68,79.330001,79.555,157340.0,XBI.NYSE-1-HOUR-LAST-EXTERNAL
2023-03-14 14:55:00,79.230003,79.275001,78.889999,78.910003,66674.0,XBI.NYSE-1-HOUR-LAST-EXTERNAL
2023-03-14 15:55:00,78.690002,78.720001,78.54,78.690002,171990.0,XBI.NYSE-1-HOUR-LAST-EXTERNAL
2023-03-14 16:55:00,78.635002,78.730003,78.529998,78.690002,61821.0,XBI.NYSE-1-HOUR-LAST-EXTERNAL
2023-03-14 17:55:00,78.18,78.18,77.970001,78.089996,65774.0,XBI.NYSE-1-HOUR-LAST-EXTERNAL
2023-03-14 18:55:00,78.61,78.614997,78.400001,78.5,59853.0,XBI.NYSE-1-HOUR-LAST-EXTERNAL
2023-03-14 19:55:00,78.709999,79.099998,78.660003,79.04,386594.0,XBI.NYSE-1-HOUR-LAST-EXTERNAL
2023-03-15 13:55:00,78.455001,78.459999,77.949996,78.089996,158716.0,XBI.NYSE-1-HOUR-LAST-EXTERNAL
2023-03-15 14:55:00,77.260002,77.410003,77.230003,77.36,111812.0,XBI.NYSE-1-HOUR-LAST-EXTERNAL
2023-03-15 15:55:00,77.559997,77.635002,77.480003,77.550003,161493.0,XBI.NYSE-1-HOUR-LAST-EXTERNAL
2023-03-15 16:55:00,77.25,77.269996,77.04,77.224998,99709.0,XBI.NYSE-1-HOUR-LAST-EXTERNAL
2023-03-15 17:55:00,77.980003,78.11,77.889999,77.959999,114200.0,XBI.NYSE-1-HOUR-LAST-EXTERNAL
2023-03-15 18:55:00,78.205001,78.309997,78.089996,78.139999,45988.0,XBI.NYSE-1-HOUR-LAST-EXTERNAL
2023-03-15 19:55:00,77.720001,78.089996,77.720001,78.080001,316405.0,XBI.NYSE-1-HOUR-LAST-EXTERNAL
2023-03-16 13:55:00,76.599998,76.819999,76.580001,76.714996,75938.0,XBI.NYSE-1-HOUR-LAST-EXTERNAL
2023-03-16 14:55:00,77.400001,77.559997,77.330001,77.389999,204661.0,XBI.NYSE-1-HOUR-LAST-EXTERNAL
2023-03-16 15:55:00,78.0,78.199996,77.949996,77.959999,106131.0,XBI.NYSE-1-HOUR-LAST-EXTERNAL
2023-03-16 16:55:00,78.059997,78.220001,78.010002,78.099998,52094.0,XBI.NYSE-1-HOUR-LAST-EXTERNAL
2023-03-16 17:55:00,78.550003,78.569999,78.449996,78.464996,41375.0,XBI.NYSE-1-HOUR-LAST-EXTERNAL
2023-03-16 18:55:00,78.709999,78.93,78.709999,78.900001,87996.0,XBI.NYSE-1-HOUR-LAST-EXTERNAL
2023-03-16 19:55:00,78.069999,78.220001,78.010002,78.209999,625081.0,XBI.NYSE-1-HOUR-LAST-EXTERNAL
2023-03-17 13:55:00,77.04,77.11,76.949996,77.059997,74267.0,XBI.NYSE-1-HOUR-LAST-EXTERNAL
2023-03-17 14:55:00,76.099998,76.300003,76.080001,76.199996,147900.0,XBI.NYSE-1-HOUR-LAST-EXTERNAL
2023-03-17 15:55:00,75.79,76.0,75.760002,75.989997,339152.0,XBI.NYSE-1-HOUR-LAST-EXTERNAL
2023-03-17 16:55:00,76.199996,76.349998,76.18,76.339996,78680.0,XBI.NYSE-1-HOUR-LAST-EXTERNAL
2023-03-17 17:55:00,76.550003,76.68,76.510002,76.68,49079.0,XBI.NYSE-1-HOUR-LAST-EXTERNAL
2023-03-17 18:55:00,76.379997,76.459999,76.36,76.400001,94253.0,XBI.NYSE-1-HOUR-LAST-EXTERNAL
2023-03-17 19:55:00,76.629997,76.705001,76.419998,76.580001,694405.0,XBI.NYSE-1-HOUR-LAST-EXTERNAL
2023-03-20 13:55:00,76.089996,76.279998,75.980003,76.139999,91558.0,XBI.NYSE-1-HOUR-LAST-EXTERNAL
2023-03-20 14:55:00,76.565002,76.68,76.550003,76.629997,49976.0,XBI.NYSE-1-HOUR-LAST-EXTERNAL
2023-03-20 15:55:00,76.885002,76.900001,76.650001,76.669998,38800.0,XBI.NYSE-1-HOUR-LAST-EXTERNAL
2023-03-20 16:55:00,76.489997,76.639999,76.480003,76.510002,49012.0,XBI.NYSE-1-HOUR-LAST-EXTERNAL
2023-03-20 17:55:00,76.629997,76.650001,76.529998,76.639999,34437.0,XBI.NYSE-1-HOUR-LAST-EXTERNAL
2023-03-20 18:55:00,76.919998,76.949996,76.785003,76.830001,109927.0,XBI.NYSE-1-HOUR-LAST-EXTERNAL
2023-03-20 19:55:00,76.919998,77.010002,76.739997,76.75,442611.0,XBI.NYSE-1-HOUR-LAST-EXTERNAL
2023-03-21 13:55:00,76.849998,76.949996,76.779998,76.830001,69000.0,XBI.NYSE-1-HOUR-LAST-EXTERNAL
2023-03-21 14:55:00,76.25,76.300003,76.169998,76.269996,2064043.0,XBI.NYSE-1-HOUR-LAST-EXTERNAL
2023-03-21 15:55:00,76.25,76.29,76.190002,76.190002,82573.0,XBI.NYSE-1-HOUR-LAST-EXTERNAL
2023-03-21 16:55:00,76.230003,76.279998,76.18,76.224998,79775.0,XBI.NYSE-1-HOUR-LAST-EXTERNAL
2023-03-21 17:55:00,76.224998,76.224998,76.089996,76.11,47382.0,XBI.NYSE-1-HOUR-LAST-EXTERNAL
2023-03-21 18:55:00,76.269996,76.355003,76.260002,76.315002,61731.0,XBI.NYSE-1-HOUR-LAST-EXTERNAL
2023-03-21 19:55:00,76.239997,76.239997,75.839996,75.931999,637862.0,XBI.NYSE-1-HOUR-LAST-EXTERNAL
2023-03-22 13:55:00,75.25,75.29,75.11,75.169998,69861.0,XBI.NYSE-1-HOUR-LAST-EXTERNAL
2023-03-22 14:55:00,75.129997,75.150001,75.084999,75.150001,33065.0,XBI.NYSE-1-HOUR-LAST-EXTERNAL
2023-03-22 15:55:00,74.870002,74.926002,74.859901,74.873497,43674.0,XBI.NYSE-1-HOUR-LAST-EXTERNAL
2023-03-22 16:55:00,74.93,75.0,74.919998,74.970001,16711.0,XBI.NYSE-1-HOUR-LAST-EXTERNAL
2023-03-22 17:55:00,74.940101,75.129997,74.940002,75.099998,65056.0,XBI.NYSE-1-HOUR-LAST-EXTERNAL
2023-03-22 18:55:00,75.089996,75.199996,74.639999,74.650001,356406.0,XBI.NYSE-1-HOUR-LAST-EXTERNAL
2023-03-22 19:55:00,73.68,73.764999,73.059997,73.059997,786545.0,XBI.NYSE-1-HOUR-LAST-EXTERNAL
2023-03-23 13:55:00,74.36,74.449996,74.279998,74.43,106393.0,XBI.NYSE-1-HOUR-LAST-EXTERNAL
2023-03-23 14:55:00,74.889999,74.889999,74.705001,74.769996,154069.0,XBI.NYSE-1-HOUR-LAST-EXTERNAL
2023-03-23 15:55:00,74.239997,74.300003,74.160003,74.190002,790026.0,XBI.NYSE-1-HOUR-LAST-EXTERNAL
2023-03-23 16:55:00,73.580001,73.61,73.519996,73.569999,92759.0,XBI.NYSE-1-HOUR-LAST-EXTERNAL
2023-03-23 17:55:00,73.129997,73.150001,73.029998,73.04,84481.0,XBI.NYSE-1-HOUR-LAST-EXTERNAL
2023-03-23 18:55:00,72.730003,72.940002,72.614997,72.934997,242090.0,XBI.NYSE-1-HOUR-LAST-EXTERNAL
2023-03-23 19:55:00,73.834999,73.86,73.669998,73.779998,636499.0,XBI.NYSE-1-HOUR-LAST-EXTERNAL
2023-03-24 13:55:00,72.910003,73.080001,72.898803,72.970001,158561.0,XBI.NYSE-1-HOUR-LAST-EXTERNAL
2023-03-24 14:55:00,72.839996,72.995498,72.815002,72.970001,73633.0,XBI.NYSE-1-HOUR-LAST-EXTERNAL
2023-03-24 15:55:00,73.129997,73.349998,73.11,73.324996,72147.0,XBI.NYSE-1-HOUR-LAST-EXTERNAL
2023-03-24 16:55:00,73.349998,73.43,73.319999,73.345001,82335.0,XBI.NYSE-1-HOUR-LAST-EXTERNAL
2023-03-24 17:55:00,73.379997,73.529998,73.370002,73.525001,37673.0,XBI.NYSE-1-HOUR-LAST-EXTERNAL
2023-03-24 18:55:00,73.849998,73.989997,73.849998,73.959899,98361.0,XBI.NYSE-1-HOUR-LAST-EXTERNAL
2023-03-24 19:55:00,73.86,74.209999,73.760002,74.209999,524520.0,XBI.NYSE-1-HOUR-LAST-EXTERNAL
2023-03-27 13:55:00,74.989997,75.18,74.830001,75.019996,77900.0,XBI.NYSE-1-HOUR-LAST-EXTERNAL
2023-03-27 14:55:00,75.275001,75.309997,74.989997,74.989997,67410.0,XBI.NYSE-1-HOUR-LAST-EXTERNAL
2023-03-27 15:55:00,74.764999,74.769996,74.61,74.690002,53026.0,XBI.NYSE-1-HOUR-LAST-EXTERNAL
2023-03-27 16:55:00,74.730003,74.760002,74.625,74.730003,39166.0,XBI.NYSE-1-HOUR-LAST-EXTERNAL
2023-03-27 17:55:00,74.959999,75.014999,74.940002,74.955001,26810.0,XBI.NYSE-1-HOUR-LAST-EXTERNAL
2023-03-27 18:55:00,75.455001,75.480003,75.379997,75.43,61136.0,XBI.NYSE-1-HOUR-LAST-EXTERNAL
2023-03-27 19:55:00,75.190002,75.190002,74.889999,74.980003,485028.0,XBI.NYSE-1-HOUR-LAST-EXTERNAL
2023-03-28 13:55:00,75.480003,75.559997,75.269996,75.29,71233.0,XBI.NYSE-1-HOUR-LAST-EXTERNAL
2023-03-28 14:55:00,74.870002,74.940002,74.809997,74.864997,43636.0,XBI.NYSE-1-HOUR-LAST-EXTERNAL
2023-03-28 15:55:00,75.190002,75.202903,75.139999,75.194999,36654.0,XBI.NYSE-1-HOUR-LAST-EXTERNAL
2023-03-28 16:55:00,75.080001,75.11,75.065002,75.080001,17321.0,XBI.NYSE-1-HOUR-LAST-EXTERNAL
2023-03-28 17:55:00,74.569999,74.599998,74.510002,74.519996,54259.0,XBI.NYSE-1-HOUR-LAST-EXTERNAL
2023-03-28 18:55:00,74.730003,74.745002,74.709999,74.730003,17879.0,XBI.NYSE-1-HOUR-LAST-EXTERNAL
2023-03-28 19:55:00,74.654998,74.690002,74.440002,74.459999,383609.0,XBI.NYSE-1-HOUR-LAST-EXTERNAL
2023-03-29 13:55:00,75.489997,75.559997,75.330001,75.550003,91313.0,XBI.NYSE-1-HOUR-LAST-EXTERNAL
2023-03-29 14:55:00,75.879997,75.985,75.739997,75.800201,63259.0,XBI.NYSE-1-HOUR-LAST-EXTERNAL
2023-03-29 15:55:00,75.889999,75.919998,75.839996,75.870002,40498.0,XBI.NYSE-1-HOUR-LAST-EXTERNAL
2023-03-29 16:55:00,75.720001,75.724998,75.589996,75.639999,35240.0,XBI.NYSE-1-HOUR-LAST-EXTERNAL
2023-03-29 17:55:00,75.849998,75.889999,75.809997,75.870002,17819.0,XBI.NYSE-1-HOUR-LAST-EXTERNAL
2023-03-29 18:55:00,76.319999,76.324996,76.150001,76.190002,47002.0,XBI.NYSE-1-HOUR-LAST-EXTERNAL
2023-03-29 19:55:00,76.324996,76.324996,76.069999,76.309997,527560.0,XBI.NYSE-1-HOUR-LAST-EXTERNAL
2023-03-30 13:55:00,76.309997,76.489997,76.220001,76.410003,119748.0,XBI.NYSE-1-HOUR-LAST-EXTERNAL
2023-03-30 14:55:00,75.480003,75.519996,75.309997,75.309997,81834.0,XBI.NYSE-1-HOUR-LAST-EXTERNAL
2023-03-30 15:55:00,74.470001,74.519996,74.388,74.389999,89239.0,XBI.NYSE-1-HOUR-LAST-EXTERNAL
2023-03-30 16:55:00,74.36,74.400001,74.224998,74.25,106068.0,XBI.NYSE-1-HOUR-LAST-EXTERNAL
2023-03-30 17:55:00,74.339996,74.36,74.279998,74.349998,51690.0,XBI.NYSE-1-HOUR-LAST-EXTERNAL
2023-03-30 18:55:00,74.769996,74.794998,74.760002,74.79,23051.0,XBI.NYSE-1-HOUR-LAST-EXTERNAL
2023-03-30 19:55:00,74.964996,75.059997,74.629997,74.675003,789964.0,XBI.NYSE-1-HOUR-LAST-EXTERNAL
2023-03-31 13:55:00,76.114997,76.144996,75.879997,75.93,83925.0,XBI.NYSE-1-HOUR-LAST-EXTERNAL
2023-03-31 14:55:00,76.150001,76.160003,76.099998,76.129997,52315.0,XBI.NYSE-1-HOUR-LAST-EXTERNAL
2023-03-31 15:55:00,76.209999,76.230003,76.190002,76.230003,41383.0,XBI.NYSE-1-HOUR-LAST-EXTERNAL
2023-03-31 16:55:00,76.209999,76.29,76.169998,76.209999,3769805.0,XBI.NYSE-1-HOUR-LAST-EXTERNAL
2023-03-31 17:55:00,76.25,76.309997,76.209999,76.285003,44275.0,XBI.NYSE-1-HOUR-LAST-EXTERNAL
2023-03-31 18:55:00,76.224998,76.260002,76.120002,76.129997,60268.0,XBI.NYSE-1-HOUR-LAST-EXTERNAL
2023-03-31 19:55:00,75.889999,76.300003,75.889999,76.220001,993526.0,XBI.NYSE-1-HOUR-LAST-EXTERNAL
2023-04-03 13:55:00,77.449996,77.480003,77.29,77.459999,160069.0,XBI.NYSE-1-HOUR-LAST-EXTERNAL
2023-04-03 14:55:00,76.730003,76.7686,76.569999,76.580001,104814.0,XBI.NYSE-1-HOUR-LAST-EXTERNAL
2023-04-03 15:55:00,76.669998,76.748001,76.669998,76.730003,45705.0,XBI.NYSE-1-HOUR-LAST-EXTERNAL
2023-04-03 16:55:00,76.639999,76.68,76.605003,76.605003,42803.0,XBI.NYSE-1-HOUR-LAST-EXTERNAL
2023-04-03 17:55:00,76.709999,76.785003,76.68,76.769996,33573.0,XBI.NYSE-1-HOUR-LAST-EXTERNAL
2023-04-03 18:55:00,76.389999,76.43,76.370002,76.379997,88150.0,XBI.NYSE-1-HOUR-LAST-EXTERNAL
2023-04-03 19:55:00,76.925003,77.080001,76.834999,77.069999,442330.0,XBI.NYSE-1-HOUR-LAST-EXTERNAL
2023-04-04 13:55:00,76.260002,76.410003,76.230003,76.349998,65989.0,XBI.NYSE-1-HOUR-LAST-EXTERNAL
2023-04-04 14:55:00,75.29,75.300003,75.235,75.260002,59333.0,XBI.NYSE-1-HOUR-LAST-EXTERNAL
2023-04-04 15:55:00,75.419998,75.449996,75.269996,75.300003,121462.0,XBI.NYSE-1-HOUR-LAST-EXTERNAL
2023-04-04 16:55:00,75.220001,75.309997,75.209999,75.264999,25224.0,XBI.NYSE-1-HOUR-LAST-EXTERNAL
2023-04-04 17:55:00,75.25,75.279998,75.199996,75.25,134164.0,XBI.NYSE-1-HOUR-LAST-EXTERNAL
2023-04-04 18:55:00,74.959999,74.964996,74.849998,74.86,97811.0,XBI.NYSE-1-HOUR-LAST-EXTERNAL
2023-04-04 19:55:00,75.379997,75.589996,75.339996,75.580001,673007.0,XBI.NYSE-1-HOUR-LAST-EXTERNAL
2023-04-05 13:55:00,76.144996,76.239997,76.055,76.099998,76969.0,XBI.NYSE-1-HOUR-LAST-EXTERNAL
2023-04-05 14:55:00,74.940002,75.019996,74.889999,75.010002,64300.0,XBI.NYSE-1-HOUR-LAST-EXTERNAL
2023-04-05 15:55:00,75.099998,75.29,75.051902,75.29,423097.0,XBI.NYSE-1-HOUR-LAST-EXTERNAL
2023-04-05 16:55:00,75.18,75.224998,75.169998,75.169998,4523523.0,XBI.NYSE-1-HOUR-LAST-EXTERNAL
2023-04-05 17:55:00,75.089996,75.129997,75.089996,75.099998,30623.0,XBI.NYSE-1-HOUR-LAST-EXTERNAL
2023-04-05 18:55:00,75.29,75.319999,75.25,75.29,55242.0,XBI.NYSE-1-HOUR-LAST-EXTERNAL
2023-04-05 19:55:00,75.569999,75.639999,75.36,75.379997,327693.0,XBI.NYSE-1-HOUR-LAST-EXTERNAL
2023-04-06 13:55:00,75.169998,75.440002,75.150001,75.419998,83696.0,XBI.NYSE-1-HOUR-LAST-EXTERNAL
2023-04-06 14:55:00,75.675003,75.86,75.629997,75.839996,57636.0,XBI.NYSE-1-HOUR-LAST-EXTERNAL
2023-04-06 15:55:00,76.165,76.330001,76.150001,76.319999,92026.0,XBI.NYSE-1-HOUR-LAST-EXTERNAL
2023-04-06 16:55:00,76.824996,76.830001,76.745002,76.745002,102539.0,XBI.NYSE-1-HOUR-LAST-EXTERNAL
2023-04-06 17:55:00,76.959999,77.029998,76.904998,76.940002,153195.0,XBI.NYSE-1-HOUR-LAST-EXTERNAL
2023-04-06 18:55:00,76.79,76.800003,76.690002,76.768997,130530.0,XBI.NYSE-1-HOUR-LAST-EXTERNAL
2023-04-06 19:55:00,76.669998,76.910003,76.589996,76.889999,618231.0,XBI.NYSE-1-HOUR-LAST-EXTERNAL
2023-04-10 13:55:00,75.830001,75.940002,75.800003,75.919998,94378.0,XBI.NYSE-1-HOUR-LAST-EXTERNAL
2023-04-10 14:55:00,75.769996,75.830001,75.68,75.694999,58466.0,XBI.NYSE-1-HOUR-LAST-EXTERNAL
2023-04-10 15:55:00,75.79,75.800003,75.699996,75.769996,32698.0,XBI.NYSE-1-HOUR-LAST-EXTERNAL
2023-04-10 16:55:00,75.86,75.904998,75.830001,75.870002,28998.0,XBI.NYSE-1-HOUR-LAST-EXTERNAL
2023-04-10 17:55:00,76.065002,76.099998,76.035003,76.0699,28704.0,XBI.NYSE-1-HOUR-LAST-EXTERNAL
2023-04-10 18:55:00,76.129997,76.230003,76.129997,76.209999,38729.0,XBI.NYSE-1-HOUR-LAST-EXTERNAL
2023-04-10 19:55:00,76.069999,76.169998,76.004997,76.150001,419837.0,XBI.NYSE-1-HOUR-LAST-EXTERNAL
2023-04-11 13:55:00,77.059997,77.220001,77.010002,77.18,103653.0,XBI.NYSE-1-HOUR-LAST-EXTERNAL
2023-04-11 14:55:00,76.529998,76.580001,76.459999,76.544998,50711.0,XBI.NYSE-1-HOUR-LAST-EXTERNAL
2023-04-11 15:55:00,76.620002,76.639999,76.510002,76.620002,67157.0,XBI.NYSE-1-HOUR-LAST-EXTERNAL
2023-04-11 16:55:00,77.019996,77.035003,76.919998,76.940002,56293.0,XBI.NYSE-1-HOUR-LAST-EXTERNAL
2023-04-11 17:55:00,76.879997,76.889999,76.775001,76.775001,27664.0,XBI.NYSE-1-HOUR-LAST-EXTERNAL
2023-04-11 18:55:00,76.870002,76.919998,76.86,76.885002,36157.0,XBI.NYSE-1-HOUR-LAST-EXTERNAL
2023-04-11 19:55:00,76.925003,76.980003,76.839996,76.879997,683483.0,XBI.NYSE-1-HOUR-LAST-EXTERNAL
2023-04-12 13:55:00,77.300003,77.349998,76.974998,77.0,109842.0,XBI.NYSE-1-HOUR-LAST-EXTERNAL
2023-04-12 14:55:00,76.690002,76.690002,76.519996,76.529998,56473.0,XBI.NYSE-1-HOUR-LAST-EXTERNAL
2023-04-12 15:55:00,76.625,76.910003,76.589996,76.910003,59876.0,XBI.NYSE-1-HOUR-LAST-EXTERNAL
2023-04-12 16:55:00,77.019996,77.065002,76.985,77.0,37420.0,XBI.NYSE-1-HOUR-LAST-EXTERNAL
2023-04-12 17:55:00,76.894996,76.894996,76.855003,76.870002,4229867.0,XBI.NYSE-1-HOUR-LAST-EXTERNAL
2023-04-12 18:55:00,76.54,76.599998,76.510002,76.565002,74448.0,XBI.NYSE-1-HOUR-LAST-EXTERNAL
2023-04-12 19:55:00,75.995002,76.069999,75.904998,76.04,415213.0,XBI.NYSE-1-HOUR-LAST-EXTERNAL
2023-04-13 13:55:00,77.559997,77.800003,77.519996,77.800003,280409.0,XBI.NYSE-1-HOUR-LAST-EXTERNAL
2023-04-13 14:55:00,78.669998,78.839996,78.595001,78.730003,138305.0,XBI.NYSE-1-HOUR-LAST-EXTERNAL
2023-04-13 15:55:00,79.444999,79.730003,79.440002,79.694999,168973.0,XBI.NYSE-1-HOUR-LAST-EXTERNAL
2023-04-13 16:55:00,79.675003,79.7975,79.669998,79.730003,191297.0,XBI.NYSE-1-HOUR-LAST-EXTERNAL
2023-04-13 17:55:00,79.699996,79.809997,79.690002,79.7602,124555.0,XBI.NYSE-1-HOUR-LAST-EXTERNAL
2023-04-13 18:55:00,79.68,79.714996,79.629997,79.660003,72491.0,XBI.NYSE-1-HOUR-LAST-EXTERNAL
2023-04-13 19:55:00,79.669998,79.675003,79.379997,79.459999,867185.0,XBI.NYSE-1-HOUR-LAST-EXTERNAL
2023-04-14 13:55:00,79.139999,79.239997,79.11,79.220001,54122.0,XBI.NYSE-1-HOUR-LAST-EXTERNAL
2023-04-14 14:55:00,78.43,78.690002,78.398902,78.550003,43247.0,XBI.NYSE-1-HOUR-LAST-EXTERNAL
2023-04-14 15:55:00,77.529998,77.669998,77.5,77.639999,92958.0,XBI.NYSE-1-HOUR-LAST-EXTERNAL
2023-04-14 16:55:00,77.379997,77.500198,77.379997,77.480003,48306.0,XBI.NYSE-1-HOUR-LAST-EXTERNAL
2023-04-14 17:55:00,77.489997,77.605003,77.489997,77.54,92970.0,XBI.NYSE-1-HOUR-LAST-EXTERNAL
2023-04-14 18:55:00,77.849998,78.055,77.849998,78.050003,63274.0,XBI.NYSE-1-HOUR-LAST-EXTERNAL
2023-04-14 19:55:00,78.11,78.209999,78.050003,78.190002,439259.0,XBI.NYSE-1-HOUR-LAST-EXTERNAL
2023-04-17 13:55:00,80.730003,80.989997,80.699996,80.9897,332774.0,XBI.NYSE-1-HOUR-LAST-EXTERNAL
2023-04-17 14:55:00,81.589996,81.86,81.574996,81.86,127154.0,XBI.NYSE-1-HOUR-LAST-EXTERNAL
2023-04-17 15:55:00,81.569999,81.650001,81.519996,81.61,64128.0,XBI.NYSE-1-HOUR-LAST-EXTERNAL
2023-04-17 16:55:00,81.199996,81.254997,81.160003,81.25,92152.0,XBI.NYSE-1-HOUR-LAST-EXTERNAL
2023-04-17 17:55:00,81.230003,81.279998,81.139999,81.220001,103226.0,XBI.NYSE-1-HOUR-LAST-EXTERNAL
2023-04-17 18:55:00,81.849998,81.849998,81.75,81.839996,92630.0,XBI.NYSE-1-HOUR-LAST-EXTERNAL
2023-04-17 19:55:00,81.970001,81.970001,81.800003,81.86,815346.0,XBI.NYSE-1-HOUR-LAST-EXTERNAL
2023-04-18 13:55:00,81.199996,81.319999,81.010002,81.069999,109155.0,XBI.NYSE-1-HOUR-LAST-EXTERNAL
2023-04-18 14:55:00,81.019996,81.190002,81.019996,81.114997,129908.0,XBI.NYSE-1-HOUR-LAST-EXTERNAL
2023-04-18 15:55:00,80.879997,80.93,80.809997,80.86,118114.0,XBI.NYSE-1-HOUR-LAST-EXTERNAL
2023-04-18 16:55:00,81.029998,81.04,80.919998,80.989997,58439.0,XBI.NYSE-1-HOUR-LAST-EXTERNAL
2023-04-18 17:55:00,81.089996,81.095001,80.960098,81.010002,76691.0,XBI.NYSE-1-HOUR-LAST-EXTERNAL
2023-04-18 18:55:00,80.769996,80.910003,80.760002,80.910003,8270653.0,XBI.NYSE-1-HOUR-LAST-EXTERNAL
2023-04-18 19:55:00,81.404998,81.404998,81.29,81.339996,612452.0,XBI.NYSE-1-HOUR-LAST-EXTERNAL
2023-04-19 13:55:00,80.86,80.970001,80.819999,80.940002,710882.0,XBI.NYSE-1-HOUR-LAST-EXTERNAL
2023-04-19 14:55:00,81.589996,81.660003,81.588302,81.605003,46822.0,XBI.NYSE-1-HOUR-LAST-EXTERNAL
2023-04-19 15:55:00,81.43,81.519996,81.419998,81.5,45220.0,XBI.NYSE-1-HOUR-LAST-EXTERNAL
2023-04-19 16:55:00,81.809997,81.86,81.794998,81.849998,436588.0,XBI.NYSE-1-HOUR-LAST-EXTERNAL
2023-04-19 17:55:00,82.254997,82.260002,82.209999,82.224998,24981.0,XBI.NYSE-1-HOUR-LAST-EXTERNAL
2023-04-19 18:55:00,82.544998,82.544998,82.470001,82.485,26471.0,XBI.NYSE-1-HOUR-LAST-EXTERNAL
2023-04-19 19:55:00,82.239997,82.309997,82.205001,82.309997,381093.0,XBI.NYSE-1-HOUR-LAST-EXTERNAL
2023-04-20 13:55:00,81.25,81.260002,81.069999,81.150001,82998.0,XBI.NYSE-1-HOUR-LAST-EXTERNAL
2023-04-20 14:55:00,81.25,81.269996,81.18,81.199996,65723.0,XBI.NYSE-1-HOUR-LAST-EXTERNAL
2023-04-20 15:55:00,80.870002,80.904998,80.809997,80.849998,50301.0,XBI.NYSE-1-HOUR-LAST-EXTERNAL
2023-04-20 16:55:00,80.819999,80.945701,80.809997,80.945701,40692.0,XBI.NYSE-1-HOUR-LAST-EXTERNAL
2023-04-20 17:55:00,81.169998,81.18,81.010002,81.04,27726.0,XBI.NYSE-1-HOUR-LAST-EXTERNAL
2023-04-20 18:55:00,80.735,80.760002,80.669998,80.730003,224020.0,XBI.NYSE-1-HOUR-LAST-EXTERNAL
2023-04-20 19:55:00,80.589996,80.68,80.584999,80.620002,350401.0,XBI.NYSE-1-HOUR-LAST-EXTERNAL
2023-04-21 13:55:00,81.11,81.11,80.830001,80.839996,59169.0,XBI.NYSE-1-HOUR-LAST-EXTERNAL
2023-04-21 14:55:00,80.919998,80.989997,80.900001,80.980003,49760.0,XBI.NYSE-1-HOUR-LAST-EXTERNAL
2023-04-21 15:55:00,81.819999,81.970397,81.815002,81.970001,52918.0,XBI.NYSE-1-HOUR-LAST-EXTERNAL
2023-04-21 16:55:00,82.170097,82.260002,82.169998,82.209999,38724.0,XBI.NYSE-1-HOUR-LAST-EXTERNAL
2023-04-21 17:55:00,82.129997,82.190002,82.11,82.160003,62052.0,XBI.NYSE-1-HOUR-LAST-EXTERNAL
2023-04-21 18:55:00,82.410003,82.459999,82.370002,82.440002,77874.0,XBI.NYSE-1-HOUR-LAST-EXTERNAL
2023-04-21 19:55:00,82.230003,82.309997,82.220001,82.269996,511917.0,XBI.NYSE-1-HOUR-LAST-EXTERNAL
2023-04-24 13:55:00,81.900001,81.93,81.699996,81.769996,1282228.0,XBI.NYSE-1-HOUR-LAST-EXTERNAL
2023-04-24 14:55:00,80.870002,81.035003,80.86,80.9897,77147.0,XBI.NYSE-1-HOUR-LAST-EXTERNAL
2023-04-24 15:55:00,80.370002,80.459999,80.370002,80.440002,28657.0,XBI.NYSE-1-HOUR-LAST-EXTERNAL
2023-04-24 16:55:00,80.800003,80.879997,80.775001,80.86,35274.0,XBI.NYSE-1-HOUR-LAST-EXTERNAL
2023-04-24 17:55:00,81.370002,81.480003,81.36,81.400001,63538.0,XBI.NYSE-1-HOUR-LAST-EXTERNAL
2023-04-24 18:55:00,81.209999,81.29,81.209999,81.285003,30381.0,XBI.NYSE-1-HOUR-LAST-EXTERNAL
2023-04-24 19:55:00,81.199996,81.339996,81.18,81.239997,421265.0,XBI.NYSE-1-HOUR-LAST-EXTERNAL
2023-04-25 13:55:00,81.900001,81.944999,81.580001,81.638099,73461.0,XBI.NYSE-1-HOUR-LAST-EXTERNAL
2023-04-25 14:55:00,81.04,81.059997,80.952003,81.04,29021.0,XBI.NYSE-1-HOUR-LAST-EXTERNAL
2023-04-25 15:55:00,80.599998,80.639999,80.485,80.519996,38166.0,XBI.NYSE-1-HOUR-LAST-EXTERNAL
2023-04-25 16:55:00,80.04,80.099998,79.980003,80.029998,71832.0,XBI.NYSE-1-HOUR-LAST-EXTERNAL
2023-04-25 17:55:00,79.779998,79.919998,79.745002,79.86,34494.0,XBI.NYSE-1-HOUR-LAST-EXTERNAL
2023-04-25 18:55:00,79.809898,79.885002,79.809898,79.849998,45532.0,XBI.NYSE-1-HOUR-LAST-EXTERNAL
2023-04-25 19:55:00,79.889999,80.010002,79.885002,79.989997,312156.0,XBI.NYSE-1-HOUR-LAST-EXTERNAL
2023-04-26 13:55:00,79.260002,79.319999,79.085998,79.239997,110878.0,XBI.NYSE-1-HOUR-LAST-EXTERNAL
2023-04-26 14:55:00,78.900001,79.04,78.889999,78.980003,31585.0,XBI.NYSE-1-HOUR-LAST-EXTERNAL
2023-04-26 15:55:00,79.5,79.510002,79.449996,79.480003,28883.0,XBI.NYSE-1-HOUR-LAST-EXTERNAL
2023-04-26 16:55:00,79.669998,79.68,79.54,79.580001,39198.0,XBI.NYSE-1-HOUR-LAST-EXTERNAL
2023-04-26 17:55:00,79.569999,79.61,79.519897,79.54,34779.0,XBI.NYSE-1-HOUR-LAST-EXTERNAL
2023-04-26 18:55:00,79.285003,79.449996,79.279998,79.440002,128889.0,XBI.NYSE-1-HOUR-LAST-EXTERNAL
2023-04-26 19:55:00,79.190002,79.410003,79.190002,79.349998,285366.0,XBI.NYSE-1-HOUR-LAST-EXTERNAL
